1009 0 21
1011 16 23
1012 13 21
1024 19 8
1027 22 12
103 4 14
1033 5 6
104 23 10
1040 9 23
1067 25 17
1083 24 24
1087 17 21
1092 24 23
1096 16 11
1103 8 18
1108 21 8
1109 25 5
1115 1 17
1122 8 11
1130 22 25
1135 6 4
1139 6 12
115 11 3
1154 21 25
1169 24 5
1180 11 1
1183 20 8
1194 16 16
121 15 19
1217 9 5
1218 1 3
1229 4 0
123 24 20
1234 25 4
1235 17 22
1247 7 11
1249 11 6
1255 7 8
1263 14 6
1267 13 8
127 12 4
1272 22 8
1277 13 11
128 7 7
129 7 12
1290 11 25
1294 10 4
1297 25 21
130 7 20
1300 18 19
1301 23 20
1307 4 20
1314 12 14
1315 18 12
1317 21 12
1321 20 7
1326 16 19
1337 0 0
1340 16 14
1341 19 10
1343 15 12
1344 19 13
1346 9 12
1352 16 17
1355 0 15
1361 17 5
1362 5 8
1366 22 15
1375 21 15
1376 18 18
1385 4 19
1391 5 5
1393 1 5
1402 15 4
141 25 12
1418 7 15
1419 6 17
143 11 18
1433 20 13
1436 11 20
144 23 2
1440 18 20
1446 20 9
1453 7 16
1462 20 20
1466 20 18
1472 8 16
1481 12 8
1490 19 12
150 7 21
1500 10 18
1502 20 16
1528 16 18
1534 13 17
1537 3 10
1538 10 17
154 10 9
1542 6 11
1547 16 8
1552 21 20
1558 8 15
1569 12 23
1572 14 14
1574 16 2
1587 25 8
1611 8 17
1620 9 16
163 11 5
1635 5 10
1639 15 6
1647 12 15
1652 6 20
166 19 20
1661 16 10
1672 11 16
1684 16 5
1686 6 21
17 22 13
1702 6 23
1708 7 19
1713 7 13
1720 6 13
1763 6 14
1766 5 15
1776 3 1
1780 3 3
1798 2 17
1799 9 6
180 6 5
1803 3 16
1806 11 8
1820 5 1
1829 15 3
1838 9 10
1839 10 23
1841 12 18
1849 25 18
1850 23 5
1852 16 22
192 23 0
194 1 21
198 25 14
200 10 5
201 3 15
208 0 12
212 4 15
213 23 9
215 4 13
222 23 23
235 12 7
238 11 19
249 18 8
255 2 13
272 15 1
284 18 10
287 24 25
292 8 23
294 8 9
296 5 25
298 20 14
301 23 21
304 0 8
307 17 9
313 24 19
317 0 7
319 3 19
322 22 16
327 9 1
329 14 13
336 22 11
338 0 10
340 4 7
341 10 11
346 0 5
350 24 1
364 4 23
369 5 22
37 21 1
382 14 25
395 14 23
40 6 15
402 11 21
403 17 20
405 25 0
406 14 16
41 9 7
410 11 7
42 12 3
420 11 24
423 12 12
424 10 19
425 0 4
426 1 6
427 15 7
430 16 21
434 7 14
435 15 10
438 17 19
440 23 18
442 13 19
443 21 13
447 8 20
450 17 10
451 13 20
452 8 25
453 7 18
454 7 10
459 12 11
468 10 14
469 13 25
479 10 16
482 10 13
483 9 15
484 8 14
487 18 7
491 8 8
493 17 24
494 15 17
497 20 22
50 16 13
501 8 13
503 11 11
507 8 5
51 18 17
512 25 25
517 9 11
518 8 12
519 6 16
520 0 13
521 18 9
523 9 13
525 10 21
529 20 10
530 10 12
533 11 12
536 17 11
544 11 14
545 16 15
546 17 14
552 14 10
553 11 13
557 9 25
558 13 4
560 4 16
562 4 17
564 11 9
565 15 23
569 12 19
571 11 15
572 11 17
574 13 16
578 10 15
581 7 17
583 12 13
591 21 23
596 15 5
604 9 2
606 14 17
612 14 4
615 7 24
616 17 12
617 20 12
619 9 8
62 18 15
626 5 20
628 20 17
633 19 16
635 11 10
636 20 25
637 14 0
638 13 14
639 6 18
641 12 21
644 25 19
646 16 24
6475 16 12
648 14 20
6491 9 9
6504 14 2
6510 17 7
6515 1 10
6522 5 12
6527 13 10
653 13 9
6537 1 15
655 15 20
6555 15 11
6559 4 12
6575 7 5
6582 6 10
6584 9 21
6588 4 8
6593 19 22
660 9 4
6618 13 13
6624 16 9
6628 3 6
6643 5 23
6654 13 18
666 19 14
6660 5 14
667 14 18
6670 9 24
6672 22 19
6674 19 18
668 24 15
669 16 25
6708 10 8
671 15 13
6713 21 10
673 16 7
6731 21 14
676 19 11
6763 7 23
6772 8 19
6785 12 20
6788 21 6
68 23 16
680 2 25
6803 11 4
6806 15 15
683 11 23
6831 10 1
6837 20 11
6838 23 7
684 18 2
685 11 22
686 14 9
6864 11 2
6870 19 19
6876 22 9
6888 8 7
689 5 9
6899 14 7
69 21 18
6900 15 8
6902 18 21
6913 2 15
6914 12 6
6931 24 4
696 24 11
6961 22 20
6968 22 3
698 20 19
6994 25 1
6996 15 14
70 19 1
700 6 8
7001 12 10
7005 18 14
701 4 5
7027 15 16
703 8 6
7035 17 18
704 7 22
7042 15 18
7047 14 21
705 3 0
7057 16 20
7058 24 22
708 4 18
7084 14 12
7092 14 19
7104 0 22
7114 8 2
7127 12 0
7134 5 21
7146 18 11
716 10 6
7161 21 19
717 9 20
7183 15 9
7188 19 0
719 6 7
7199 16 0
7222 13 23
7226 24 17
723 17 17
7235 1 24
725 17 25
7251 14 5
7267 20 1
7269 5 0
7279 2 0
7287 17 23
7296 10 20
7297 5 19
73 21 17
7312 12 1
7318 12 2
7326 21 2
734 9 18
736 25 24
738 14 3
741 10 7
744 23 14
747 6 19
751 8 21
752 24 0
761 20 15
763 19 15
768 13 6
772 21 9
779 3 13
784 19 21
785 7 9
790 5 11
798 13 22
800 5 2
802 8 22
808 17 13
824 18 16
834 22 14
837 9 17
842 20 4
843 17 15
845 9 14
850 18 13
852 19 17
856 21 16
859 24 14
882 8 0
883 23 11
89 13 5
895 19 9
896 14 15
905 13 15
907 24 8
909 17 16
931 1 22
939 17 8
948 14 11
949 10 10
95 12 5
957 2 8
961 12 17
962 15 22
97 2 10
970 17 6
971 0 9
972 14 8
98 15 2
988 15 21
n_n1108 21 11
n_n1112 25 2
n_n1123 10 0
n_n1127 22 10
n_n1128 3 5
n_n1129 22 0
n_n1185 0 14
n_n1189 13 7
n_n1191 6 9
n_n1229 22 18
n_n1234 13 24
n_n1240 13 12
n_n1241 16 6
n_n1243 20 21
n_n1245 18 0
n_n1250 8 4
n_n1256 5 16
n_n1264 12 24
n_n1265 22 17
n_n498 9 19
n_n725 12 16
n_n861 2 1
n_n876 8 10
n_n877 2 20
n_n878 12 9
n_n910 12 22
n_n913 22 24
n_n965 5 13
n_n972 14 22
n_n976 5 17
n_n978 3 8
n_n981 18 23
