1009 6 0
1011 21 15
1012 17 14
1024 9 18
1027 11 23
103 8 1
1033 21 2
104 17 2
1040 22 16
1067 16 14
1083 21 23
1087 21 18
1092 21 24
1096 12 15
1103 21 11
1108 8 22
1109 10 4
1115 24 23
1122 9 8
1130 7 0
1135 25 12
1139 16 10
115 4 14
1154 1 1
1169 1 5
1180 23 25
1183 8 21
1194 16 19
121 16 13
1217 19 13
1218 19 1
1229 7 23
123 4 5
1234 9 4
1235 10 21
1247 8 6
1249 0 10
1255 5 10
1263 5 15
1267 9 14
127 18 3
1272 5 19
1277 13 14
128 1 9
129 8 8
1290 25 10
1294 20 4
1297 8 9
130 10 7
1300 18 20
1301 7 19
1307 22 7
1314 15 8
1315 11 20
1317 12 22
1321 23 17
1326 20 15
1337 25 14
1340 13 15
1341 7 20
1343 12 12
1344 10 19
1346 13 9
1352 17 18
1355 7 5
1361 6 5
1362 2 15
1366 14 23
1375 14 22
1376 16 20
1385 22 6
1391 1 22
1393 2 22
1402 4 10
141 23 18
1418 16 7
1419 17 8
143 16 11
1433 13 23
1436 21 9
144 1 20
1440 10 23
1446 25 18
1453 19 7
1462 17 21
1466 15 22
1472 17 7
1481 1 14
1490 12 20
150 10 8
1500 17 9
1502 15 18
1528 17 17
1534 20 14
1537 15 24
1538 20 9
154 3 12
1542 8 5
1547 10 5
1552 20 19
1558 15 7
1569 23 11
1572 13 12
1574 21 25
1587 6 8
1611 17 6
1620 19 8
163 0 11
1635 14 2
1639 2 14
1647 15 9
1652 3 7
166 14 20
1661 7 17
1672 22 10
1684 3 15
1686 2 8
17 10 16
1702 24 13
1708 20 7
1713 11 8
1720 14 7
1763 14 6
1766 8 0
1776 23 4
1780 8 2
1798 11 0
1799 7 13
180 7 21
1803 9 19
1806 1 12
1820 23 5
1829 4 7
1838 8 12
1839 0 20
1841 22 18
1849 16 1
1850 2 5
1852 12 21
192 3 20
194 4 2
198 21 22
200 1 11
201 3 2
208 12 11
212 18 7
213 6 19
215 2 4
222 3 21
235 18 4
238 23 14
249 4 17
255 10 0
272 0 3
284 8 17
287 22 2
292 5 16
294 12 6
296 7 24
298 15 23
301 24 0
304 0 25
307 5 17
313 16 0
317 23 8
319 17 0
322 19 17
327 21 4
329 10 13
336 12 23
338 20 1
340 12 3
341 9 9
346 3 3
350 5 4
364 11 24
369 4 22
37 4 0
382 25 11
395 7 10
40 25 0
402 21 10
403 17 20
405 25 25
406 14 15
41 9 11
410 0 9
42 5 20
420 23 13
423 12 9
424 20 10
425 3 17
426 22 25
427 10 14
430 15 21
434 12 8
435 11 14
438 18 19
440 10 20
442 22 15
443 13 22
447 21 13
450 7 18
451 21 14
452 6 23
453 11 7
454 8 10
459 11 9
468 10 10
469 22 14
479 19 10
482 14 9
483 15 6
484 13 7
487 8 3
491 2 7
493 24 14
494 18 15
497 17 24
50 16 17
501 14 8
503 15 13
507 11 4
51 17 19
512 5 24
517 18 6
518 13 13
519 16 6
520 12 10
521 6 17
523 13 6
525 17 10
529 6 20
530 16 9
533 13 8
536 10 17
544 13 10
545 15 10
546 13 18
552 11 10
553 23 9
557 25 5
558 11 12
560 7 7
562 8 7
564 4 13
565 7 14
569 20 12
571 14 10
572 23 10
574 19 16
578 17 12
581 18 8
583 18 9
591 13 5
596 5 14
604 5 0
606 15 15
612 4 8
615 23 21
616 14 13
617 13 21
619 10 12
62 12 18
626 22 8
628 18 16
633 13 20
635 10 9
636 7 2
637 15 3
638 14 5
639 18 11
641 18 14
644 22 19
646 21 16
6475 14 17
648 18 21
6491 4 12
6504 4 6
6510 7 25
6515 0 19
6522 0 24
6527 8 14
653 0 16
6537 12 5
655 18 22
6555 11 11
6559 12 4
6575 3 13
6582 3 8
6584 17 13
6588 17 4
6593 18 23
660 19 12
6618 14 4
6624 9 6
6628 12 0
6643 19 15
6654 16 15
666 13 16
6660 16 5
667 22 20
6670 8 20
6672 20 21
6674 15 19
668 14 21
669 21 17
6708 2 12
671 12 14
6713 18 25
673 4 16
6731 12 16
676 11 17
6763 1 4
6772 16 8
6785 21 12
6788 19 25
68 9 20
680 6 10
6803 19 4
6806 14 14
683 15 11
6831 20 22
6837 11 18
6838 25 20
684 21 0
685 14 11
686 5 12
6864 25 7
6870 20 16
6876 6 15
6888 9 12
689 3 9
6899 8 15
69 20 20
6900 10 15
6902 10 22
6913 10 24
6914 2 13
6931 2 6
696 4 1
6961 21 19
6968 24 15
698 20 17
6994 14 3
6996 13 11
70 2 21
700 2 10
7001 7 9
7005 12 17
701 1 6
7027 15 14
703 1 10
7035 14 19
704 10 11
7042 16 16
7047 17 16
705 23 2
7057 19 19
7058 12 25
708 9 7
7084 12 13
7092 17 15
7104 0 12
7114 0 14
7127 22 22
7134 24 7
7146 8 18
716 3 11
7161 21 21
717 20 11
7183 10 6
7188 0 6
719 11 25
7199 7 22
7222 7 11
7226 6 18
723 18 18
7235 16 24
725 22 17
7251 3 14
7267 9 17
7269 24 1
7279 2 11
7287 4 4
7296 20 8
7297 21 7
73 19 18
7312 0 5
7318 13 1
7326 19 20
734 17 11
736 23 24
738 5 7
741 5 11
744 9 10
747 21 8
751 0 8
752 0 0
761 15 17
763 13 17
768 1 13
772 6 9
779 13 24
784 17 22
785 4 11
790 5 5
798 22 13
800 20 23
802 22 12
808 16 18
824 13 19
834 9 16
837 19 11
842 24 5
843 14 18
845 22 5
850 11 16
852 12 19
856 18 17
859 15 5
882 12 24
883 15 20
89 11 13
895 8 25
896 14 12
905 15 12
907 4 19
909 14 16
931 1 3
939 10 18
948 8 13
949 7 8
95 9 13
957 13 0
961 22 11
962 7 15
97 1 25
970 5 25
971 24 11
972 11 15
98 5 6
988 15 16
n_n1108 11 22
n_n1112 0 23
n_n1123 23 1
n_n1127 6 16
n_n1128 9 3
n_n1129 3 19
n_n1185 6 7
n_n1189 8 16
n_n1191 3 10
n_n1229 16 21
n_n1234 6 11
n_n1240 13 4
n_n1241 3 16
n_n1243 17 23
n_n1245 24 24
n_n1250 4 18
n_n1256 19 6
n_n1264 23 12
n_n1265 11 19
n_n498 19 9
n_n725 18 12
n_n861 12 1
n_n876 8 11
n_n877 1 15
n_n878 1 16
n_n910 19 14
n_n913 25 16
n_n965 18 0
n_n972 16 12
n_n976 18 10
n_n978 6 2
n_n981 13 3
