1009 5 17
1018 20 14
1024 8 20
103 14 11
1039 19 11
1041 2 17
1043 20 19
1048 22 9
1080 12 18
1082 11 16
1084 15 5
1085 13 16
1102 20 20
1104 3 3
1106 3 11
1108 11 24
1109 14 5
1110 20 3
1111 12 2
1113 8 17
1120 24 19
1123 1 3
1142 1 7
1154 11 3
1155 21 21
1175 9 13
1179 15 6
1213 8 15
1214 24 8
1235 10 21
1281 10 6
1289 19 21
1291 7 3
1293 14 7
1295 16 18
1313 12 21
1318 1 0
1319 4 13
1320 22 22
135 14 17
1350 0 0
1360 6 14
1361 11 6
1381 17 1
1384 0 20
1389 9 9
1410 0 12
1421 1 22
1443 7 22
1445 11 9
1450 7 20
1451 2 19
1479 0 24
1483 10 10
1485 17 22
1486 5 8
1499 17 14
1502 2 24
1507 10 7
1520 3 12
1521 4 17
1524 0 8
1529 18 3
1535 20 9
1536 10 22
1562 2 8
1592 3 2
1595 9 23
1629 6 15
1631 14 15
203 8 1
232 1 11
236 13 8
249 23 18
257 13 6
289 24 16
299 13 15
301 20 5
302 17 11
303 23 14
305 19 16
309 2 11
319 13 14
333 4 12
342 8 10
35 20 10
355 13 13
382 9 7
383 20 22
386 23 17
388 23 16
394 5 4
413 16 14
432 12 15
436 1 23
464 20 23
466 22 8
467 18 8
469 11 23
475 9 19
477 9 17
484 19 23
4840 2 16
4841 2 0
4849 3 0
4851 2 15
4855 5 10
4856 4 11
4857 7 18
4858 8 12
4866 5 21
4876 21 6
4887 22 16
4890 12 17
4891 22 14
4892 21 19
4894 20 13
4904 16 12
4911 19 17
4914 21 16
4919 12 20
4923 6 8
4929 8 4
4936 4 0
4955 21 22
4958 1 20
4959 4 1
4976 10 9
4997 14 0
5002 11 17
5003 14 6
5004 13 12
5006 12 22
5015 6 24
5021 21 17
5022 17 16
5024 20 11
5036 6 9
5037 6 11
5038 6 17
5039 7 15
5040 10 12
5058 10 5
5061 12 23
507 21 9
5072 19 13
5073 16 15
5076 22 12
508 17 8
5094 14 20
5095 10 16
5096 13 17
5098 13 7
5100 14 9
5111 14 21
5118 16 17
5120 18 18
5121 21 11
5130 10 20
5133 9 14
5134 15 10
5150 5 11
5151 22 21
5154 8 7
5156 12 7
5157 7 12
5158 6 13
5169 9 4
5177 7 10
5178 9 16
5180 12 8
5191 17 15
5194 21 14
5195 17 17
5196 15 12
5197 13 11
5207 4 7
5209 6 18
5210 18 21
5213 5 12
5222 24 24
5227 7 14
5228 16 6
5229 11 13
5237 5 6
5240 12 13
5243 12 11
5258 11 14
526 17 23
5270 7 11
5276 2 4
5295 17 2
5302 11 15
5305 16 23
5312 9 8
532 9 20
5329 15 19
5330 14 10
5331 16 19
5342 18 23
5353 11 21
5356 14 12
5358 19 15
5368 14 19
5383 20 15
5388 13 20
5398 14 3
5401 18 17
5412 24 5
5415 6 12
5416 23 24
5421 5 13
5432 23 22
5435 6 16
5436 1 24
5448 16 8
5453 15 11
5471 18 10
5472 13 22
5473 12 10
5476 13 19
5498 19 0
5503 11 19
5504 18 9
5521 20 4
5523 2 13
5524 8 14
5528 9 12
5529 8 9
5547 22 17
5550 21 12
5568 15 21
5570 15 7
5571 20 16
5572 14 16
5573 14 13
5574 15 15
5575 19 10
559 0 19
5590 17 20
5598 20 21
5600 8 13
5613 16 21
5615 19 20
5617 17 13
562 9 11
5635 14 22
5636 18 16
5640 21 10
5641 17 12
5643 16 16
5644 12 19
5658 16 22
5661 0 14
5668 5 1
5675 14 8
5681 0 22
5682 5 14
5698 5 15
5699 3 10
5701 9 6
5703 24 0
5719 9 15
5720 7 7
5721 24 21
5723 13 10
5724 11 18
5725 10 17
5730 8 19
5741 17 19
5743 18 19
5744 22 19
5756 13 5
5759 13 18
5765 15 9
5766 15 14
5767 12 12
5776 3 7
5780 17 10
5788 22 13
5789 21 13
5790 15 13
5795 13 21
5806 21 15
5807 20 12
5808 20 18
5816 16 20
5826 7 8
5833 10 3
5836 16 10
5838 23 10
5848 7 16
5858 6 10
5860 19 8
5861 2 12
5863 8 8
5865 5 19
5876 23 13
5891 14 18
5892 19 9
5901 18 11
5902 20 17
5905 23 23
5919 7 17
5921 5 16
5922 4 10
5923 10 14
5924 10 13
5925 9 18
5947 17 6
5949 17 18
5952 14 14
5972 9 21
5973 10 4
5974 9 10
5975 8 16
5979 1 14
5989 3 15
5993 21 8
5995 6 23
60 12 9
6010 16 9
6014 19 14
6023 17 21
611 16 13
641 0 11
642 21 23
645 7 4
666 7 13
69 6 3
692 11 12
696 16 11
697 0 7
698 14 4
70 9 5
730 16 7
732 17 7
734 15 8
752 23 19
757 23 15
759 4 15
807 24 12
812 22 18
825 0 15
827 19 19
833 11 8
862 9 3
866 11 7
869 19 7
872 23 21
878 11 10
895 12 24
899 22 10
906 11 11
907 15 16
908 2 18
909 16 1
942 13 23
946 10 19
950 10 8
961 5 0
97 18 20
978 1 12
979 0 5
980 7 9
981 5 18
n_n1011 22 20
n_n1019 23 9
n_n1020 19 12
n_n1025 24 18
n_n1026 22 15
n_n1037 12 16
n_n1045 18 22
n_n1059 18 15
n_n1070 24 4
n_n1081 15 23
n_n1083 1 16
n_n1091 12 6
n_n1093 14 23
n_n1117 23 12
n_n1118 3 21
n_n1121 18 14
n_n1144 10 15
n_n1145 12 14
n_n1147 3 4
n_n1164 22 0
n_n1217 4 18
n_n135 5 9
n_n1369 12 4
n_n137 8 18
n_n139 17 9
n_n241 18 7
n_n324 15 17
n_n385 11 20
n_n397 18 12
n_n593 13 9
n_n597 15 20
n_n663 8 11
n_n91 24 13
n_n939 18 13
n_n947 12 5
n_n953 19 18
n_n955 4 9
n_n968 21 18
n_n970 15 18
n_n971 5 22
n_n974 10 11
n_n976 22 11
n_n977 10 18
n_n987 20 0
n_n993 21 20
