1001 52 49
1002 41 42
1003 44 40
1005 19 51
1006 27 36
1007 36 52
1009 41 57
1011 49 8
1012 50 35
1013 18 51
1016 44 3
1017 60 46
1019 39 47
1021 46 44
1022 40 57
1024 14 62
1026 9 50
1027 47 37
1028 9 54
1029 17 41
1030 50 41
1031 7 24
1034 40 6
1035 44 6
1037 8 47
1040 57 50
1041 25 49
1044 63 27
1045 61 24
1047 45 64
1049 22 51
1050 37 53
1052 16 6
1054 62 50
1055 64 53
1056 3 13
1058 60 27
1061 21 12
1062 24 41
1065 45 47
1066 53 16
1068 45 58
1069 12 26
1070 55 44
1071 42 14
1072 55 16
1073 61 23
1074 25 48
1075 39 50
1076 33 62
1078 33 50
1080 42 18
1081 28 60
1083 39 28
1084 37 21
1085 42 44
1088 48 7
1091 0 7
1093 21 10
1096 16 18
1098 29 53
1099 5 44
1101 34 65
1102 24 5
1103 21 47
1104 33 65
1106 19 25
1108 51 35
1109 62 46
1110 17 14
1111 32 53
1113 69 22
1114 9 53
1115 30 31
1116 25 41
1117 25 40
1120 22 11
1121 36 40
1124 68 70
1125 42 33
1126 38 69
1127 23 5
1128 35 39
1129 54 41
1130 24 18
1132 36 39
1133 65 26
1134 54 29
1141 46 36
1142 47 55
1143 57 45
1145 61 57
1146 46 55
1147 17 38
1155 46 38
1159 10 25
1160 46 57
1164 52 51
1165 5 50
1166 66 43
1168 11 23
1169 47 16
1172 62 61
1173 70 43
1174 7 1
1175 59 48
1176 57 49
1179 30 64
1180 26 58
1183 29 64
1184 25 63
1185 23 54
1186 27 64
1188 25 64
1189 23 55
1190 26 63
1193 30 58
1194 29 59
1203 32 29
1204 32 30
1211 39 53
1212 39 54
1214 60 42
1217 44 25
1221 4 14
1229 64 28
1231 36 57
1234 50 15
1243 29 18
1245 32 10
1246 37 11
1247 3 14
1249 46 54
1253 16 13
1258 43 24
1259 63 29
1260 48 31
1261 48 30
1263 52 52
1265 55 53
1266 51 16
1267 48 36
1268 65 42
1269 45 40
1272 56 52
1274 63 23
1276 54 26
1277 16 30
1278 62 42
1279 45 28
1281 35 61
1282 61 38
1283 64 67
1287 34 22
1291 17 16
1292 37 13
1293 48 18
1294 29 16
1297 30 22
1299 41 32
1303 24 28
1307 39 19
1308 33 13
1311 29 7
1314 49 20
1317 47 34
1319 39 62
1320 28 29
1323 14 48
1324 23 8
1325 32 61
1326 35 10
1327 25 9
1329 43 16
1330 62 64
1331 52 24
1332 58 45
1335 0 68
1336 37 33
1338 38 27
1339 17 25
1340 43 39
1342 0 2
1343 17 37
1344 52 70
1345 29 15
1346 36 61
1350 49 23
1351 44 26
1355 49 41
1359 45 22
1360 57 48
1361 65 43
1362 12 23
1363 64 42
1364 0 60
1366 45 36
1369 62 60
1377 52 45
1378 48 54
1383 35 21
1386 47 49
1397 49 45
1399 36 48
1400 49 48
1401 59 57
1405 54 58
1414 61 51
1421 61 48
1424 46 52
1426 50 58
1431 51 50
1432 69 16
1433 50 16
1434 56 48
1438 56 53
1442 67 10
1444 47 36
1456 50 55
1466 50 45
1476 42 54
1485 51 47
1486 52 62
1488 55 52
1491 53 47
1499 56 51
150 48 35
1502 46 53
1510 63 52
1512 52 56
1518 54 56
152 57 9
1537 52 55
154 30 33
1544 45 51
1545 55 58
1549 56 15
155 49 34
1551 59 42
1552 12 22
1553 48 0
1554 64 46
1556 45 38
1557 66 10
1559 6 58
1560 70 19
1573 43 49
1575 41 49
158 41 18
1599 49 65
160 22 29
161 27 65
1611 50 53
1624 38 48
1625 43 58
1626 49 50
1633 41 54
1639 53 53
164 39 42
1641 53 54
165 37 24
1665 53 57
1666 49 61
1673 0 57
1674 57 46
1675 64 40
1676 64 23
1678 60 58
1679 1 15
1696 44 52
1700 50 51
1706 49 51
171 42 32
172 38 52
1721 50 50
1738 41 55
174 38 43
176 40 48
177 31 50
1775 39 55
178 7 69
1781 62 49
1789 43 50
1792 54 54
1801 49 66
181 41 0
1815 37 54
182 37 32
1825 51 58
1834 49 58
1839 36 54
1847 43 56
185 51 21
1850 48 58
1862 41 48
1864 44 53
1868 50 57
188 41 24
1885 43 51
189 3 16
190 22 31
1900 49 57
191 67 2
1919 60 49
1922 58 46
1928 37 48
1929 51 59
1937 48 50
1949 61 43
1961 58 51
198 55 32
1989 59 55
199 69 62
1992 28 45
2003 30 61
201 28 34
2010 50 61
2022 59 47
2023 51 60
203 24 4
2037 34 57
204 55 60
205 40 52
2059 63 46
206 69 70
2069 46 62
208 33 34
211 55 40
2111 16 42
2112 15 42
2113 15 40
2115 17 44
2116 13 42
2118 13 39
2119 15 27
2120 8 34
2121 19 28
2122 51 2
2124 39 22
2126 16 25
2127 10 33
2128 27 34
213 69 63
2130 27 32
2132 16 31
2133 14 31
2134 22 32
2135 20 29
2136 3 32
2137 26 28
2138 18 30
2142 20 28
2146 5 43
2148 43 45
2149 18 24
2150 48 14
2151 29 12
2156 49 14
2157 64 44
216 38 58
2164 7 20
2165 49 12
2166 31 17
2167 31 30
2169 6 22
217 67 8
2170 49 13
2172 35 22
2173 27 28
2174 5 4
2175 2 70
2178 48 16
2180 53 30
2181 35 18
2182 50 12
2184 49 16
219 25 8
2192 55 20
2198 51 13
2199 16 19
2201 31 13
2202 24 8
2204 6 23
2205 48 12
2207 1 70
221 52 29
2216 52 15
222 24 58
2228 21 14
2230 23 25
2232 26 11
2235 27 6
2236 13 10
2237 50 11
2238 17 27
2243 24 25
2244 27 18
2245 18 21
2246 22 14
2247 27 11
2248 22 7
225 54 47
2250 26 7
226 70 41
2263 22 17
2264 23 70
2265 4 64
2268 43 2
227 63 32
2270 46 23
2272 22 15
2273 22 70
2274 58 64
2276 57 68
2278 68 44
228 42 4
2281 22 18
2282 22 27
2284 59 19
2285 1 67
2288 50 23
229 44 55
2290 64 69
2293 7 28
2294 28 17
2295 48 8
2296 19 21
2297 27 15
2298 48 34
230 52 33
2300 29 27
2301 13 34
2303 32 23
2304 48 9
2306 32 26
2307 32 33
231 44 54
2310 17 15
2313 16 22
2314 29 8
2316 27 12
2318 32 32
2330 18 19
2333 15 22
2336 26 68
2341 66 45
2349 28 15
2351 15 19
2353 17 20
2354 10 37
2356 45 17
2361 66 44
2363 23 14
2366 33 29
2367 35 23
2370 26 17
2371 24 24
2372 53 27
2376 27 10
238 10 0
2380 12 10
2381 36 23
2383 36 19
2384 36 24
2391 44 21
2398 26 24
2399 29 24
2411 22 26
2412 28 18
2413 17 21
242 45 53
2420 28 30
2421 17 22
2422 22 16
2424 9 3
2425 33 28
2427 29 22
2429 15 20
243 37 23
2430 23 12
2431 61 68
2432 58 65
2433 67 44
244 40 25
2440 31 21
2441 26 14
2447 14 24
2454 24 9
2458 20 10
246 25 30
247 53 15
2479 53 29
248 34 4
2480 18 18
2482 50 21
2483 58 19
2484 1 66
2487 64 70
249 38 28
2490 34 15
2491 36 11
2492 36 16
2493 47 12
2499 45 21
250 0 5
2507 28 10
251 70 55
2512 25 12
2526 15 21
2529 4 63
253 35 56
2531 33 22
2532 42 1
2534 51 11
2539 31 24
254 31 65
2541 41 8
2546 36 30
2553 28 24
257 67 1
258 64 48
2586 12 28
2589 0 46
2590 30 27
2592 18 29
2594 21 13
2596 64 65
2598 53 26
2599 51 25
2601 7 57
2602 1 11
2603 6 34
2605 42 22
2607 2 31
2608 1 23
261 52 26
2610 3 23
2612 41 23
2616 65 65
2618 42 24
2619 55 66
262 37 65
2621 66 24
2622 20 22
2624 42 23
2625 64 66
263 22 30
2630 12 20
2632 10 19
2633 0 1
2637 25 20
2638 28 14
2639 32 13
264 6 41
2641 11 17
2644 40 31
2645 28 6
265 70 70
2652 25 16
2653 44 16
2654 33 31
2656 45 2
2658 66 8
2659 52 6
266 45 55
2663 32 16
2666 26 20
267 53 23
2670 45 5
2672 34 31
2674 27 22
2691 19 15
2692 20 35
2693 20 20
2695 8 70
2697 10 64
2699 12 12
270 33 59
2702 8 53
2703 7 42
2705 16 12
2707 15 14
2709 18 28
2712 69 23
2713 19 35
2714 21 19
2715 15 15
2716 22 23
2718 69 29
2719 17 12
2720 15 13
2724 20 16
2725 29 19
2726 26 23
2727 52 11
2728 18 14
273 45 20
2730 14 34
2733 16 21
2734 28 13
2735 53 24
2736 20 8
2738 52 17
274 41 29
2741 0 70
2751 18 23
2752 54 16
2753 22 12
2754 32 31
2756 10 10
2757 52 16
276 55 18
2761 70 56
2763 51 17
2767 49 30
2769 42 21
2773 52 20
2774 54 38
2775 54 21
2778 10 11
2780 51 32
2781 45 33
2785 53 17
2786 46 16
2787 34 20
279 46 14
2791 54 17
2795 10 9
280 48 32
2801 51 19
2814 12 33
2815 25 26
2816 23 32
2818 26 34
2819 11 29
282 6 6
2820 13 27
2821 13 29
2822 1 46
2825 19 29
2827 18 27
2831 21 34
2832 64 64
2833 22 13
2834 19 17
2835 62 25
2837 7 58
2839 6 35
2843 63 25
2845 1 31
2846 1 22
285 37 44
2852 63 24
2855 23 13
2856 18 17
2858 27 67
2860 24 12
2861 62 24
2867 19 30
2868 65 64
2869 57 8
28694 0 55
28700 53 45
28702 54 44
28706 7 70
28743 54 50
28746 54 45
2875 63 26
28760 52 57
28762 56 46
28772 30 65
2878 45 46
28784 44 60
28787 41 62
28794 30 66
28800 34 66
28802 8 52
28807 36 69
28811 70 6
28830 46 64
28833 37 70
28838 48 56
28854 36 68
28859 29 66
2886 34 5
28865 37 68
28869 43 65
2887 52 41
28887 37 67
289 17 24
28909 14 43
28916 47 67
28926 26 64
28928 43 46
2893 15 30
2894 15 31
28948 17 70
28952 42 57
2896 12 29
28963 53 58
2897 13 28
28976 51 66
2899 30 28
2900 26 26
29008 38 63
2901 26 31
29012 51 44
29024 22 65
29028 45 41
29036 24 66
29050 44 47
29096 12 65
291 27 41
2910 20 13
29101 17 23
29105 39 51
29114 41 64
2912 20 36
2913 63 65
2914 6 57
2915 1 12
29156 42 67
29166 19 32
2917 10 63
29178 15 38
2918 1 32
29181 58 0
29185 16 37
29187 70 47
29205 8 33
29208 66 62
2921 3 22
2922 64 26
29230 11 33
2925 17 29
29261 14 41
29263 13 41
29272 11 35
29275 69 7
29278 0 4
2928 33 16
29287 7 45
29289 24 33
2929 36 20
29299 26 32
293 46 49
29302 9 33
29308 1 27
29314 39 2
29316 9 32
2932 58 12
29320 25 28
29322 60 62
2934 36 12
29374 14 38
2938 26 12
29396 38 65
294 51 69
2940 31 16
29404 44 69
29405 38 64
29417 40 69
2943 39 11
29453 11 11
29456 56 32
29461 17 26
29467 59 34
2947 46 17
2949 25 35
29499 47 15
295 46 40
2950 31 31
29505 59 36
29510 2 52
29513 64 19
29520 9 20
29522 44 19
2954 28 27
29542 70 60
2956 29 28
2957 26 33
2958 17 9
29596 64 32
29600 42 25
29642 4 1
2969 19 13
29697 57 53
29699 65 39
297 44 44
2971 63 66
29717 0 30
2972 11 20
2973 65 27
29750 46 18
29763 59 33
29765 69 55
29791 52 36
29795 5 28
29799 61 27
298 39 33
2980 29 10
29803 50 38
29815 22 40
29838 48 17
29843 65 33
29860 14 2
2988 35 16
29889 43 0
2989 44 10
29895 29 11
29899 55 1
29903 7 26
29911 7 68
29915 57 28
29919 66 40
29923 35 7
29927 9 10
29930 27 2
29935 26 39
29939 59 7
2995 44 15
29957 52 67
29959 58 15
29971 54 70
29976 56 37
29984 46 33
29991 65 41
29999 57 24
300 54 27
30001 68 1
30020 60 44
30029 62 41
3003 19 36
30040 65 40
3005 55 67
3006 22 22
301 55 27
3011 30 13
30110 63 41
30113 58 41
30114 7 30
30117 2 5
3012 31 22
30122 68 37
30137 56 44
30166 56 24
30168 56 18
3017 35 9
302 47 14
3021 22 8
3022 21 8
30237 14 26
3024 28 8
30241 8 20
30244 17 63
3026 21 18
30262 67 38
30266 5 37
3027 3 63
30276 6 55
303 44 70
30337 7 49
30349 0 3
3036 23 19
3037 19 20
30375 15 36
30385 15 35
30386 16 34
3039 29 17
30390 13 26
304 38 42
3040 12 34
30412 18 33
30427 18 34
30436 10 31
30456 18 35
3046 20 40
30491 16 35
30497 10 29
305 40 13
3050 29 70
3051 8 69
30517 16 33
30550 21 49
30556 7 6
306 40 14
3069 32 28
30707 10 30
30709 14 4
30719 61 67
30720 33 27
30721 26 5
30722 6 11
30750 25 36
30760 48 38
30763 2 56
30772 50 37
30775 0 40
30796 29 31
308 41 41
30813 51 24
30823 31 27
30833 56 50
30839 49 38
3084 52 35
30841 18 8
30846 62 35
30888 22 1
30916 10 3
30949 6 29
30950 33 30
30956 32 38
30985 27 40
310 32 52
31059 21 61
31091 22 49
311 30 20
3116 32 62
31163 57 20
31164 69 52
3117 28 32
31177 56 6
31185 63 22
31189 70 68
31190 9 41
31193 21 39
31201 0 50
31205 63 11
3121 39 24
31212 23 37
31213 10 38
3122 25 29
31220 8 57
31221 10 57
31225 12 47
31233 68 63
31256 40 17
31267 3 41
31271 12 48
31275 21 68
31279 56 70
31283 17 0
31291 7 23
31298 12 49
31299 9 48
31303 46 68
31311 9 47
31315 15 5
31342 4 24
31354 66 30
31357 9 31
31361 7 17
31365 66 49
31373 11 0
31381 70 37
31385 13 51
31389 12 55
31393 14 13
314 30 55
31401 6 17
31405 2 9
31436 8 5
31443 20 64
31447 68 55
31452 18 3
31459 67 22
31463 21 65
31469 16 55
31471 14 57
31479 64 21
31487 0 53
31491 4 21
31495 0 32
315 17 43
31529 16 62
31534 16 46
31537 15 60
31541 54 66
31548 9 58
31552 16 45
31553 8 41
31561 8 43
31569 41 4
316 64 39
3160 20 18
31600 15 57
31603 16 61
31607 47 4
3161 29 33
31611 8 44
31612 12 56
31615 7 43
3162 21 35
31627 10 59
3163 26 4
31634 17 61
31635 7 40
31642 20 60
31643 7 52
3165 21 17
31655 8 45
3167 27 33
31681 7 47
31685 9 21
31689 17 55
3169 33 11
31693 70 48
317 52 32
31701 7 50
31705 8 40
31709 9 60
31715 18 56
31717 27 3
31721 7 39
31725 8 54
3173 24 29
31733 5 61
3174 13 12
3175 19 18
31765 10 46
31771 35 0
31775 21 70
31782 10 43
31783 18 45
31791 9 43
31795 11 46
31799 9 56
318 8 46
3180 31 23
31806 17 59
31807 15 45
3181 55 30
31819 63 12
31872 0 15
31879 32 69
31887 65 70
31888 11 12
31889 0 29
319 30 62
31917 17 31
31925 9 46
31931 15 12
31933 28 5
31951 8 49
32000 39 13
32017 69 48
32022 67 54
32058 19 61
32072 3 7
32073 13 33
32074 44 39
32086 6 61
321 31 60
32150 24 11
32157 70 46
32192 15 28
32197 16 64
322 31 59
32214 2 26
32224 46 6
32238 65 60
32246 60 11
32269 62 23
32273 36 7
32278 12 14
32299 44 14
32339 29 29
32351 2 27
32361 70 17
32366 67 0
32370 68 51
32374 16 7
32385 50 32
32386 59 24
32415 24 32
32416 17 17
32420 51 4
32440 52 22
325 46 39
32516 70 49
32519 12 21
32523 18 2
32534 7 5
32550 57 3
3257 20 56
3258 24 43
32584 30 6
32588 55 17
3259 23 44
326 61 22
3260 19 57
32600 45 15
32609 49 19
3261 23 42
32612 47 8
32618 26 8
32626 70 8
3263 19 48
32630 60 24
3264 24 42
3265 23 45
32656 44 9
32666 60 16
32683 62 70
32686 28 19
32715 36 3
32723 27 0
32729 38 3
32732 35 13
32745 28 20
32763 3 52
32774 56 16
32778 29 6
32785 70 23
32787 13 6
32796 60 21
328 55 41
32804 61 18
32807 59 13
3281 31 45
32810 61 32
3284 30 51
32840 63 28
32842 54 15
32844 38 4
3285 30 49
3286 28 59
3287 29 51
329 57 42
3292 29 52
3293 29 50
32935 12 17
32937 14 21
3294 30 48
3295 29 55
32959 45 7
32994 16 44
33013 14 20
33017 13 17
33077 9 67
33079 58 60
33083 55 8
331 14 36
3314 28 57
33161 23 15
33163 65 14
332 54 42
33241 2 20
33266 42 70
33277 28 61
333 42 64
33313 19 46
33314 21 48
33324 20 51
33349 14 44
33351 41 16
33363 23 46
33371 23 47
33373 20 58
33396 32 5
33397 28 54
334 42 34
33407 25 59
33413 25 54
33417 25 60
33432 27 46
33454 22 50
3347 19 43
33474 20 53
33485 20 59
335 52 25
3351 21 43
3352 19 44
3353 19 42
33534 22 55
3355 22 48
3356 20 42
33560 19 50
33561 22 59
33569 22 47
3357 21 45
33579 22 61
33594 18 44
33631 17 10
33641 9 0
33663 4 44
33677 13 13
33683 23 0
33699 3 62
3370 27 50
3371 26 52
3372 27 60
3374 26 51
33741 23 18
33746 51 8
3375 23 59
3376 27 49
3377 27 52
33780 5 65
33786 50 13
33790 17 2
338 49 32
3380 26 47
33807 64 57
33809 1 64
3381 25 55
33827 53 32
33866 66 23
33867 54 43
33869 7 2
33878 53 4
339 49 35
33912 11 41
33913 46 0
33922 28 31
33923 14 32
33936 0 56
33953 17 8
33957 49 2
33966 17 69
3397 28 52
3398 26 49
3399 27 59
340 49 21
3400 27 53
3401 26 50
34012 63 59
3402 26 61
34021 64 30
3403 28 51
3404 26 48
34042 37 8
34062 21 28
34064 19 8
3408 34 53
34092 19 7
341 36 59
34103 18 12
34110 34 70
34112 27 14
34131 1 65
34136 23 22
3418 20 47
34183 0 65
3419 21 44
3420 19 55
3421 20 48
3423 19 45
34237 3 65
3424 20 45
3426 23 48
34264 23 10
3427 20 46
34274 33 6
3428 21 46
34345 14 27
34357 14 30
34366 60 0
34371 19 5
34375 6 4
34378 60 43
34387 63 53
34396 14 16
34399 5 18
344 61 25
34413 57 21
34415 20 12
34443 6 5
34485 7 29
34486 3 15
34489 33 10
3449 27 56
345 59 20
3451 28 55
3452 27 55
3454 28 50
34550 66 6
34559 40 20
34561 36 14
3457 28 53
34586 31 5
3459 24 49
34595 14 14
34601 69 4
3461 33 69
34619 13 15
34623 60 23
34645 13 23
34648 50 14
34674 68 67
34681 64 34
347 33 58
34731 39 17
34735 13 32
34745 3 18
34747 70 30
34760 20 62
3479 19 56
3480 23 43
3481 22 44
3482 19 59
34823 11 13
34828 9 30
3483 22 43
34841 20 30
3486 21 42
34864 67 3
3487 22 45
34872 21 62
34886 66 65
349 47 54
34979 16 39
35024 51 51
35030 56 55
3504 46 19
35050 36 66
35052 49 59
35053 42 53
3506 6 42
3507 46 60
35079 41 53
35081 69 49
351 41 6
3511 20 54
3515 16 28
3516 11 31
35168 59 60
3517 18 25
3518 60 18
35180 16 65
35182 63 45
352 38 31
35218 48 57
3522 17 28
3523 25 34
3524 53 31
35242 42 63
35248 52 44
3526 25 33
35278 56 41
3529 24 34
353 62 29
3531 25 32
3535 19 31
35379 54 68
3538 20 31
3539 48 41
354 49 29
35426 63 21
3546 27 29
35487 6 65
35489 51 10
3549 0 27
35490 40 50
355 48 27
3550 1 49
3551 24 35
35514 53 40
35524 69 36
35526 59 21
3553 24 31
3555 23 30
3556 23 29
3557 50 69
3558 10 55
3559 54 32
356 55 21
35619 43 60
35645 18 42
35650 12 42
35657 18 38
35673 11 42
3568 41 2
35694 15 39
357 42 56
3570 5 70
3572 63 35
3578 21 16
3579 12 70
358 27 7
3580 5 69
3581 69 66
3588 45 34
3589 43 34
3590 24 6
3591 2 25
3593 1 25
3594 63 13
3595 51 30
360 21 31
3602 35 34
3604 44 35
361 60 50
3612 1 42
3615 49 68
3617 59 35
3618 64 35
3619 52 30
362 11 40
3628 19 37
3629 20 14
363 38 33
3630 70 66
3631 69 65
3635 54 30
3638 40 29
364 40 34
3642 50 30
3643 30 30
3646 28 28
3647 27 31
365 44 56
3650 37 7
3651 47 18
3652 45 14
3653 30 17
3656 49 18
366 16 38
3660 41 19
3665 49 9
3666 18 26
367 21 24
3672 52 18
3679 47 21
368 63 33
3680 1 36
3682 20 67
3686 37 19
3687 51 18
369 7 27
3691 0 23
3693 50 18
3696 43 7
3698 47 23
3713 36 5
3716 18 11
3717 50 5
3718 40 23
372 62 32
3727 48 22
3728 67 17
3729 67 11
373 49 28
3730 54 4
3732 25 23
3736 57 70
3737 56 1
3738 49 31
3739 19 24
374 31 15
3740 49 24
3744 19 26
375 36 15
3752 48 23
3753 46 12
3754 1 34
3756 18 9
3757 1 50
376 50 25
3762 22 10
3766 35 5
3767 22 6
3769 18 10
3771 47 20
378 33 35
3781 25 25
3782 25 19
3785 67 18
379 53 33
3791 21 26
3792 24 19
3795 58 70
3797 41 21
380 43 70
3801 26 18
3802 23 17
3804 24 22
3805 51 20
3808 21 66
381 49 11
3810 1 51
3812 26 19
3813 25 24
3815 25 22
3816 50 20
3818 67 12
382 47 53
3828 32 6
3829 33 21
383 55 39
3832 44 11
384 38 44
3843 56 2
3845 22 19
3847 20 26
3849 63 30
3850 50 22
3857 39 14
3859 45 23
386 43 22
3865 31 19
3867 42 12
3868 33 9
387 18 16
3872 35 15
3875 36 6
3876 41 13
3878 43 12
3879 40 35
388 34 49
3881 37 22
3882 70 21
3884 7 0
3885 42 29
3886 32 18
3887 43 17
389 17 30
3892 36 8
3893 6 0
3895 39 6
3897 25 15
3898 14 35
3899 34 26
3900 33 24
3902 69 21
3905 33 20
3906 44 20
3914 41 17
3916 53 28
3919 15 18
392 24 10
3927 59 49
393 45 16
3930 1 33
3934 44 23
3935 56 19
3936 45 39
394 23 31
3940 25 21
3941 26 21
3942 24 20
3943 11 21
3944 20 0
3945 3 45
3947 45 13
3948 14 12
395 66 11
3953 42 9
396 43 63
398 37 57
3983 36 4
3987 49 5
3988 42 27
399 10 42
3991 52 28
3998 40 19
4000 45 19
4001 43 11
4002 43 10
4004 42 6
4017 23 26
4018 25 18
4019 24 21
402 62 26
4020 23 16
4021 45 12
4023 41 20
403 56 30
4036 30 14
4039 35 12
4040 42 11
4045 43 14
405 43 43
406 30 53
4063 53 18
4064 30 11
4067 69 38
4069 48 21
407 31 58
4070 31 26
408 37 62
4089 46 31
409 38 62
4095 40 10
4098 38 9
410 23 23
4102 37 26
4103 38 23
411 45 42
4111 35 17
4112 15 3
4113 5 12
4117 1 38
4118 2 37
412 51 57
4122 38 7
4123 4 12
4124 31 9
4125 0 62
4126 40 40
413 46 42
4132 37 10
4133 8 68
4136 70 38
4138 1 37
414 41 40
415 6 44
4151 0 69
4153 40 12
4154 58 17
4155 31 11
416 46 9
4160 39 9
4161 58 16
4162 1 35
4164 65 1
4165 45 26
4166 36 27
4167 26 29
417 30 46
4171 37 18
4172 57 18
4176 6 69
4177 44 31
4179 58 18
418 48 51
4181 52 12
4182 61 29
4183 60 66
4184 4 29
4189 34 8
419 41 60
4194 6 68
4195 57 17
4197 34 36
4202 41 26
4205 36 32
4206 40 7
4207 56 17
4208 46 15
4209 25 13
4211 10 2
4213 57 16
4214 24 17
4216 25 14
4217 64 1
422 52 69
424 39 21
4240 63 67
4241 10 54
4243 11 70
4245 1 48
4246 26 30
4249 23 28
4250 49 69
4252 55 28
4256 18 31
4257 3 10
4259 50 31
426 35 55
4261 30 29
4262 31 29
4263 49 33
4264 51 31
4265 27 30
4267 59 32
427 39 30
4275 42 8
428 44 42
4287 45 18
429 40 30
4293 11 53
4299 65 66
4301 70 63
4302 17 6
4303 64 62
4304 56 35
4305 58 69
4306 58 35
4308 55 24
431 18 40
4318 30 19
4319 43 19
432 46 35
4330 4 69
4331 21 15
4335 13 70
4339 54 28
4343 31 8
4347 36 13
435 12 5
4351 30 24
4352 42 10
4356 62 65
4358 64 63
4359 24 7
436 36 51
4360 1 24
4369 45 24
437 18 15
4370 50 19
4371 36 10
4375 45 25
4376 31 20
438 38 35
4380 34 9
439 29 61
4407 70 62
4408 58 49
4409 16 17
441 35 54
4410 10 52
4415 11 57
442 63 31
4422 20 15
4423 18 37
4424 10 34
4426 2 19
4431 38 20
4435 2 11
4439 0 10
4445 4 10
4463 41 12
4465 1 43
4466 19 62
4471 11 56
4472 11 58
4473 46 22
4476 37 20
448 47 22
4494 10 12
4503 43 13
451 33 23
4519 38 5
452 42 16
4520 18 62
4523 1 19
4525 46 21
453 44 27
4530 34 23
4546 32 17
4547 39 12
4548 20 37
4549 46 20
455 40 44
4552 46 67
4558 30 15
456 47 10
457 32 15
4581 40 43
4582 41 14
4584 42 20
4585 32 11
4589 17 62
4590 64 58
4592 40 36
4593 3 38
4595 30 69
4597 38 24
4598 3 39
460 34 11
4601 50 36
4602 41 36
461 45 63
4615 10 48
4616 10 49
4617 10 47
4620 13 49
4621 11 48
4625 10 50
4626 10 56
4627 11 49
4628 13 48
4629 11 50
4630 12 50
4632 22 37
4633 21 32
4635 11 38
4637 21 36
4638 21 40
4641 22 38
4643 9 42
4644 21 37
4645 21 38
4646 21 41
4647 20 41
4651 39 5
4653 40 41
4655 12 27
466 70 67
4661 16 59
4662 14 58
4663 16 60
4664 11 39
4666 16 58
4667 16 54
467 35 29
4670 14 59
4672 12 58
4673 16 57
4674 15 58
4675 16 56
4676 17 51
4687 33 15
4690 13 52
4691 13 50
4692 15 53
4695 15 50
4696 14 52
4700 14 53
4701 12 52
4702 15 52
4703 16 51
4704 16 52
4705 15 51
4707 14 54
4708 13 54
4709 16 53
471 10 32
4710 13 22
4712 15 54
4713 17 54
4716 13 55
4719 14 55
472 15 32
4720 15 56
4721 15 55
4722 14 56
473 49 22
4738 18 57
4739 18 52
474 32 8
4740 17 60
4741 18 43
4743 18 53
4744 18 58
4748 18 60
4749 14 60
475 28 7
4750 17 57
4751 18 55
4752 17 58
4753 17 56
4755 26 57
4757 11 45
4758 9 44
4759 11 43
476 65 5
4760 15 46
4762 10 45
4763 12 44
4764 15 44
4766 9 45
4768 9 57
4769 10 44
4770 11 44
4771 12 45
478 10 36
479 10 41
480 21 33
481 39 31
482 70 40
4836 17 50
484 61 58
4846 16 50
4865 27 57
4867 21 57
4868 31 56
4869 29 5
487 53 41
489 33 53
4910 37 63
493 30 0
4933 14 45
4934 17 45
4935 14 47
4936 13 43
4938 15 47
4939 13 46
4943 13 45
4944 13 57
4945 14 46
4946 16 47
4947 13 47
4948 17 46
4965 35 51
4969 37 59
497 15 43
498 10 40
4981 4 5
4984 48 20
4986 14 23
4993 19 27
4997 23 33
4999 22 34
5001 16 36
5008 22 28
501 20 17
5010 19 34
5016 13 31
5018 29 32
502 29 26
5023 24 27
503 28 33
5031 26 27
5045 69 51
5046 15 24
5047 19 38
5048 32 36
505 9 34
5050 1 61
5051 29 34
5052 28 37
5053 30 37
5054 31 35
5055 31 34
5058 43 18
5059 34 38
506 59 53
5064 26 35
5066 33 37
5073 32 35
508 44 43
5081 25 27
5089 40 26
509 3 70
5090 39 27
5091 39 35
5092 35 27
5093 40 28
5095 42 38
5096 47 38
5097 40 38
5098 36 31
510 2 41
5101 50 24
5102 47 24
5107 23 27
5109 37 39
5110 42 37
5111 29 36
5112 35 25
5113 51 37
5114 41 35
512 37 56
5128 46 13
5129 40 5
513 36 29
5131 32 34
5135 40 37
5136 47 39
5138 58 39
5139 52 8
514 45 60
5140 43 28
5145 23 34
5146 22 33
5147 16 9
5149 70 57
515 12 41
5150 52 23
5151 42 39
5152 44 41
5154 54 37
5156 44 24
516 12 40
5160 33 33
5172 25 46
519 43 61
5199 37 41
5200 33 40
522 63 34
524 57 19
525 27 8
5253 69 50
526 38 21
5261 35 38
5262 34 37
5263 16 24
5266 37 35
527 27 9
5271 22 53
5274 25 42
5276 12 37
5279 20 38
528 12 19
5285 33 45
5287 35 40
5289 25 39
529 26 10
530 38 18
5300 23 49
5301 36 42
5302 30 39
5303 30 42
5304 29 35
5305 29 40
5308 32 37
531 45 8
5310 22 39
5311 19 39
5314 38 36
5317 28 43
5318 18 49
532 20 11
5328 34 45
533 30 26
5332 25 38
5342 26 44
5343 37 42
5345 31 41
5347 28 40
5348 28 38
535 52 0
5350 37 36
5353 57 0
5357 43 35
536 45 9
5364 15 37
5375 31 55
538 15 29
5394 34 67
5395 24 67
5397 34 42
5399 24 39
5401 29 57
542 51 49
543 44 38
5431 27 44
5432 35 42
5433 31 38
5434 31 42
5435 27 35
5437 33 36
5438 45 35
544 43 36
5440 31 37
5441 34 39
5442 24 30
5444 37 34
545 54 51
5456 42 40
546 62 51
5461 23 38
5466 14 37
5468 26 62
5473 29 63
549 46 10
5492 18 65
5493 34 44
5497 12 39
5515 28 39
5516 26 40
5518 33 38
552 43 33
5520 33 42
5522 40 39
5524 38 41
5525 61 59
5529 34 35
553 55 68
5533 32 43
5534 26 45
5536 31 43
5537 33 41
5538 31 40
555 34 27
5552 32 63
5576 31 54
5580 22 62
561 64 41
5617 32 42
5619 34 43
5620 34 40
5624 43 41
563 36 21
5634 19 60
5646 23 61
565 59 50
5656 24 48
5657 30 40
5658 30 43
5662 20 50
5663 38 34
5664 41 39
5667 43 38
5668 39 40
568 52 48
570 57 52
5711 31 53
572 35 33
573 52 27
575 43 30
576 38 30
577 42 30
5775 28 63
578 43 26
579 40 24
580 42 26
581 25 31
582 54 20
583 52 14
584 40 64
586 30 21
587 18 13
588 14 70
5897 39 61
5899 39 65
591 24 57
593 70 12
5932 38 60
5933 40 61
5936 24 59
5954 13 36
5956 12 36
5958 12 38
5960 8 51
5963 22 36
5972 66 33
5974 61 34
5975 58 30
5976 55 35
5978 67 70
5981 59 38
5982 64 33
5985 60 22
5988 50 34
5993 51 27
5996 62 20
600 39 29
6000 57 29
6001 52 39
6005 58 38
6008 65 52
601 52 43
6010 44 36
6015 22 4
6016 53 22
6017 53 39
6019 56 39
602 46 34
6020 50 44
6023 61 35
6029 56 40
6033 28 3
6035 45 32
6036 53 20
604 41 52
6040 57 36
6044 62 30
6045 51 42
6047 57 41
6048 56 43
6049 51 43
6051 55 43
6057 56 36
606 40 54
6060 56 25
6062 56 38
6065 46 30
6067 55 25
6071 60 40
6073 59 37
6080 60 25
6083 60 20
6084 55 29
6087 51 39
6088 65 53
6093 59 29
6094 58 20
6095 63 42
6096 49 36
6099 45 30
610 35 30
6100 64 52
6103 48 24
6108 55 37
6113 62 33
6114 50 42
6119 43 20
6122 46 32
613 21 29
6131 61 36
614 68 52
6142 62 34
6144 52 42
6146 60 41
6147 56 42
615 0 8
6150 55 42
6158 54 36
616 49 10
6160 55 36
6161 47 33
6162 53 21
6165 54 40
617 60 36
6174 57 39
6175 58 34
6176 57 32
6177 58 32
6178 57 37
6179 70 20
618 22 25
6180 50 40
6181 54 34
6182 56 33
6184 51 45
6186 64 22
6188 46 27
6192 50 27
6193 3 56
620 50 47
6205 56 21
6206 55 33
6207 58 31
6208 45 27
6209 58 24
621 40 51
6210 58 28
6211 41 31
6218 47 29
6222 59 41
6224 58 29
6225 52 34
6226 66 70
6227 57 25
6228 57 23
6229 61 37
623 69 18
6231 52 40
6233 61 28
6235 50 33
6238 61 31
6244 46 25
625 53 62
626 49 53
6267 59 23
6268 57 31
6269 58 33
627 56 58
6273 59 28
6275 58 23
6291 55 23
6292 56 29
6294 53 37
6295 37 0
6297 54 22
6302 61 30
6304 43 25
6305 56 62
6308 58 22
6309 61 21
631 15 25
6312 58 27
6313 60 29
6314 65 20
6315 60 37
6317 58 25
6319 53 34
632 33 48
6320 58 21
6321 51 40
6322 59 25
6324 57 26
6325 45 31
6326 64 38
634 51 70
6340 39 15
6342 56 28
6343 47 11
6347 63 40
6349 46 11
635 57 35
6350 31 70
6351 48 2
6353 45 10
6357 48 11
636 5 42
6360 7 12
638 43 69
6389 40 16
6390 44 17
6391 56 20
6393 48 10
6395 49 0
6396 70 36
6398 64 43
6399 16 10
640 67 45
6401 16 70
6402 11 37
6403 33 26
6405 45 11
641 13 19
642 16 16
643 66 46
644 36 9
645 67 46
646 68 45
649 7 34
6498 52 37
6499 54 31
650 37 9
6501 54 23
6502 55 38
6503 36 0
6504 50 39
6505 64 36
6506 49 44
6507 62 37
6509 49 42
651 60 48
6510 64 27
6512 46 26
6513 48 25
6516 64 31
652 2 32
6523 63 54
653 42 2
654 30 12
655 21 22
6556 39 48
656 29 14
6561 9 49
6569 56 23
657 69 44
659 40 8
660 27 13
661 34 14
6612 42 50
6625 60 32
6626 61 41
6627 59 31
6629 63 38
663 31 12
6630 60 28
6635 48 42
6640 65 38
6643 57 27
6648 47 30
665 32 14
666 34 13
6662 41 50
668 44 12
669 13 9
6691 43 47
6703 38 49
671 47 13
672 63 70
673 10 20
6731 58 26
674 33 17
675 36 17
6762 38 55
677 38 12
6771 24 23
6774 21 27
6775 12 53
6777 21 51
6779 12 64
678 34 17
6780 27 54
6781 18 54
6783 19 54
6785 19 53
6787 19 68
679 38 17
6792 48 46
6795 16 43
6797 14 42
6798 16 40
6800 14 40
6802 14 39
6803 15 41
6806 17 39
6808 46 58
681 42 17
6812 19 33
6817 12 30
6818 7 16
6819 28 25
682 37 12
6820 11 51
6822 8 35
6823 13 30
6824 15 33
6825 5 33
6826 9 51
6827 8 36
6833 10 51
6836 16 32
6837 4 41
6846 21 25
6859 23 35
686 40 56
6860 4 28
6861 18 36
6862 17 33
6863 34 1
6864 17 35
6866 12 24
6869 24 36
687 24 45
6870 13 24
6876 3 27
6878 15 6
688 45 54
6880 23 36
6881 14 33
6884 12 35
6886 3 28
6887 1 26
6888 17 32
6890 13 35
6891 34 0
691 24 61
6910 5 41
692 67 60
6920 42 68
6923 42 69
6926 10 53
6927 40 66
693 70 16
6931 35 66
6936 20 25
6938 19 14
694 39 34
6940 16 14
6946 46 50
6949 39 52
6950 43 64
6951 40 65
696 36 33
6962 17 34
697 4 4
6970 22 24
6971 19 23
6979 47 45
698 62 57
6981 46 43
6982 58 54
6983 47 43
6984 48 45
6986 48 43
6987 50 63
6988 44 45
699 51 12
6991 47 46
6995 40 67
7006 46 47
7007 7 65
7009 47 41
7011 47 42
7012 42 42
702 15 17
7024 43 44
703 40 53
7032 40 45
704 25 58
7042 48 47
7048 42 46
7049 42 66
705 31 32
7050 43 57
7051 44 58
7054 43 67
7055 0 36
706 30 60
7061 18 70
7065 12 51
7067 44 66
7069 42 45
707 23 58
7070 26 65
7071 43 66
7074 44 67
7075 20 52
708 29 2
7080 41 67
7081 41 68
7083 40 68
7085 39 68
7088 41 66
7089 33 70
7093 20 3
7094 37 66
710 0 59
7100 39 69
7102 49 67
7103 50 67
7107 37 69
711 53 63
7111 45 62
7112 50 68
7116 45 61
7120 32 70
7125 43 62
7129 48 59
7130 44 62
714 48 26
7159 55 49
7160 56 47
7162 56 49
7164 54 48
7165 54 46
7166 55 47
7170 53 51
7171 53 49
7173 53 50
7175 48 52
7176 53 59
7181 52 59
7184 54 49
722 39 67
723 68 41
724 65 46
725 17 40
728 35 32
729 44 34
730 62 31
731 35 52
733 53 25
734 54 24
735 50 28
736 47 35
737 28 11
738 45 37
742 33 25
743 27 26
744 43 8
745 26 15
749 54 19
750 52 13
753 48 29
754 17 13
755 40 33
757 41 69
758 56 45
759 62 44
760 62 45
761 49 26
762 69 46
763 52 7
765 65 6
772 36 56
773 37 29
775 36 22
777 37 64
778 33 63
780 36 58
781 36 55
782 50 59
783 37 58
785 59 46
786 61 45
787 61 46
789 70 51
790 61 61
795 42 13
798 22 56
799 24 56
800 20 57
801 26 56
802 23 56
803 30 56
804 25 57
805 21 30
807 39 43
809 42 5
810 70 18
811 32 65
814 26 59
816 51 36
817 54 33
818 27 27
819 48 13
820 31 0
821 41 33
822 34 6
823 57 47
824 15 11
825 58 42
827 47 56
828 66 66
830 16 41
831 21 11
832 44 13
833 3 26
834 27 58
835 34 50
837 40 32
838 52 31
839 44 61
840 29 60
841 48 55
842 46 61
844 15 26
845 37 1
846 45 70
848 27 5
850 42 31
851 44 63
852 13 0
853 47 17
856 42 41
858 51 15
859 47 25
860 49 52
861 28 56
865 45 43
869 49 27
870 33 54
872 39 20
873 42 65
875 43 32
876 51 34
877 45 49
878 44 49
879 47 0
881 32 58
882 32 57
883 32 56
885 33 56
888 11 22
891 24 13
892 6 70
893 0 26
895 44 22
896 44 28
898 37 55
900 55 19
901 48 33
902 46 29
903 35 35
904 34 34
905 61 8
907 40 60
908 27 19
909 0 11
913 23 11
914 34 29
915 25 11
916 43 40
917 42 19
918 31 33
920 59 52
921 12 32
922 32 25
923 8 64
924 39 44
926 34 62
927 41 28
928 36 49
929 33 0
930 17 42
932 47 9
937 65 4
940 55 45
941 62 43
942 50 48
944 41 38
945 53 42
946 46 24
947 49 43
948 4 40
949 47 32
950 45 45
954 45 44
956 59 45
957 41 30
958 43 23
959 51 23
960 43 27
963 51 14
964 47 28
965 43 29
966 69 19
968 36 35
971 43 37
972 41 37
973 44 37
975 35 49
976 45 29
978 48 28
983 34 33
984 46 28
985 44 30
986 44 29
987 43 31
992 30 52
993 16 15
994 35 20
996 47 40
997 44 32
998 44 33
n_n1004 18 41
n_n10192 37 43
n_n10209 33 43
n_n10230 26 54
n_n10247 29 43
n_n10267 30 59
n_n10282 33 55
n_n10284 23 62
n_n1030 47 19
n_n10321 22 46
n_n10338 31 52
n_n10359 29 45
n_n10376 30 54
n_n10396 24 60
n_n10466 31 63
n_n10491 22 63
n_n10521 30 63
n_n10546 23 63
n_n10568 33 61
n_n10590 37 61
n_n1063 23 24
n_n10646 24 62
n_n10671 25 61
n_n10700 24 63
n_n10728 25 62
n_n10795 29 37
n_n10796 28 36
n_n10809 36 46
n_n10820 34 48
n_n10835 26 55
n_n10846 29 48
n_n1085 60 55
n_n10869 39 58
n_n10896 31 48
n_n10907 31 51
n_n10922 31 47
n_n1093 61 53
n_n10933 29 49
n_n10947 26 60
n_n10957 29 62
n_n10998 28 58
n_n11017 29 58
n_n11041 30 57
n_n11060 29 56
n_n11092 39 59
n_n1111 55 55
n_n11136 27 61
n_n11155 27 63
n_n11178 27 62
n_n1119 64 55
n_n11200 28 62
n_n1125 52 54
n_n11269 36 53
n_n11282 25 66
n_n1131 50 70
n_n11316 51 33
n_n1139 53 52
n_n11446 60 38
n_n11454 59 26
n_n11457 57 22
n_n11466 60 35
n_n1147 61 55
n_n11474 54 25
n_n11477 59 40
n_n11484 53 35
n_n11492 59 39
n_n11514 56 34
n_n11522 51 26
n_n11525 56 22
n_n11534 57 33
n_n11542 62 28
n_n11545 59 22
n_n11552 57 38
n_n11560 51 38
n_n11584 62 36
n_n11592 56 27
n_n11595 55 22
n_n11604 55 31
n_n11612 60 33
n_n11622 53 38
n_n11630 49 39
n_n1165 63 49
n_n11652 54 35
n_n11660 58 37
n_n11672 60 30
n_n11680 62 39
n_n11683 59 27
n_n11690 61 39
n_n11698 48 39
n_n1173 63 56
n_n11833 69 20
n_n11836 65 7
n_n1185 11 68
n_n1187 55 50
n_n11960 8 10
n_n1201 47 44
n_n1203 49 49
n_n1207 58 56
n_n1209 60 54
n_n1213 48 60
n_n1215 59 56
n_n1219 60 51
n_n1221 61 52
n_n1229 61 47
n_n12303 5 14
n_n1231 61 50
n_n12373 53 19
n_n1243 43 54
n_n1247 54 55
n_n1249 55 54
n_n1253 47 51
n_n1255 55 57
n_n1259 56 56
n_n1261 63 55
n_n12619 39 41
n_n1263 53 44
n_n12637 63 19
n_n12638 53 10
n_n12641 24 2
n_n12648 42 49
n_n1265 50 54
n_n12655 55 26
n_n12659 39 49
n_n12673 42 51
n_n12683 37 46
n_n1269 55 51
n_n12706 37 47
n_n1271 52 53
n_n12726 42 48
n_n12736 38 46
n_n12760 40 49
n_n1277 55 65
n_n12773 42 52
n_n1283 58 44
n_n1285 55 59
n_n1291 54 52
n_n1295 49 60
n_n1297 60 56
n_n1301 58 52
n_n13028 46 51
n_n1303 61 44
n_n13066 58 59
n_n13092 70 27
n_n1311 61 49
n_n1313 60 47
n_n1323 48 44
n_n1325 46 45
n_n13271 42 58
n_n1331 63 50
n_n1335 59 58
n_n1337 57 56
n_n13390 63 7
n_n1341 61 56
n_n1343 62 56
n_n1345 54 53
n_n1347 45 57
n_n1351 46 46
n_n1353 46 37
n_n13546 38 66
n_n13566 44 59
n_n1359 54 7
n_n13600 44 65
n_n13618 38 61
n_n1367 50 43
n_n1371 35 65
n_n13789 48 37
n_n13959 61 10
n_n1402 49 62
n_n1410 35 50
n_n1423 59 44
n_n1426 34 58
n_n1427 49 64
n_n1434 48 65
n_n1442 50 65
n_n1459 63 48
n_n1462 51 61
n_n1463 48 61
n_n1470 47 61
n_n1491 63 43
n_n1494 58 50
n_n1495 48 63
n_n1502 48 64
n_n1510 50 64
n_n1529 49 56
n_n1555 60 53
n_n1566 48 53
n_n1587 1 18
n_n1593 57 58
n_n1596 50 52
n_n1616 50 49
n_n1620 39 57
n_n1621 49 63
n_n1649 56 54
n_n1653 47 64
n_n1685 51 48
n_n1689 38 54
n_n1690 47 62
n_n1718 62 47
n_n1721 38 53
n_n1722 47 63
n_n1752 53 43
n_n1753 50 60
n_n1787 57 51
n_n1795 50 56
n_n1821 49 25
n_n1823 49 54
n_n1856 58 43
n_n1858 48 49
n_n1859 47 52
n_n1905 58 57
n_n1906 46 56
n_n1907 58 55
n_n1908 52 60
n_n1922 31 64
n_n1938 35 58
n_n1956 58 47
n_n1957 45 56
n_n1992 34 56
n_n2007 61 42
n_n2009 59 51
n_n2010 48 62
n_n2023 32 64
n_n2039 35 57
n_n2097 55 46
n_n2099 40 58
n_n2100 33 66
n_n2142 51 22
n_n2143 56 57
n_n2144 51 62
n_n2176 52 50
n_n2179 42 55
n_n2180 51 55
n_n2226 60 45
n_n2228 43 55
n_n2229 51 56
n_n2277 57 43
n_n2280 54 57
n_n2281 45 52
n_n2327 62 54
n_n2332 55 56
n_n2333 53 56
n_n2388 38 57
n_n2404 43 53
n_n2432 41 58
n_n2466 41 59
n_n2481 1 14
n_n2483 0 64
n_n2484 64 45
n_n2498 43 59
n_n2544 63 47
n_n2546 70 14
n_n2702 0 0
n_n2703 8 61
n_n2715 11 27
n_n2920 14 8
n_n2921 8 62
n_n2933 14 22
n_n3014 64 47
n_n3016 41 43
n_n3302 13 1
n_n3303 7 62
n_n3322 4 17
n_n3341 57 12
n_n3347 54 18
n_n3428 29 21
n_n3509 36 37
n_n3510 35 37
n_n3520 34 3
n_n3682 36 38
n_n3693 52 21
n_n3838 26 6
n_n3839 29 20
n_n3990 36 36
n_n3991 35 36
n_n3997 16 27
n_n424 8 7
n_n429 14 28
n_n430 13 37
n_n434 42 62
n_n4412 22 42
n_n4421 28 48
n_n4433 20 44
n_n4441 27 51
n_n4451 25 44
n_n4459 24 47
n_n4473 26 42
n_n4481 23 41
n_n4489 30 47
n_n450 34 28
n_n4501 19 41
n_n4509 27 47
n_n4519 25 45
n_n4527 25 47
n_n4541 18 32
n_n4543 32 41
n_n4551 22 41
n_n4559 28 46
n_n4571 20 43
n_n4579 27 48
n_n4589 25 37
n_n4597 27 37
n_n4611 34 41
n_n4619 23 39
n_n4639 19 40
n_n4647 27 45
n_n4657 28 35
n_n4688 36 26
n_n4697 50 2
n_n4707 41 44
n_n4709 65 47
n_n4717 57 30
n_n4760 43 15
n_n4814 40 15
n_n4834 29 30
n_n4877 34 19
n_n4943 7 63
n_n5453 8 63
n_n5468 70 29
n_n5481 38 25
n_n5514 20 55
n_n5574 21 55
n_n5604 24 50
n_n5610 47 57
n_n5621 24 52
n_n5644 24 51
n_n5660 24 53
n_n5713 25 50
n_n5729 25 51
n_n5752 25 53
n_n5768 25 52
n_n6064 27 20
n_n6358 35 59
n_n6408 36 34
n_n6545 43 68
n_n6696 16 26
n_n6697 15 23
n_n6710 40 55
n_n6741 3 0
n_n6909 38 37
n_n6910 39 37
n_n695 13 40
n_n7000 19 11
n_n7001 19 9
n_n7082 38 38
n_n7083 39 38
n_n7390 37 37
n_n7391 37 38
n_n7397 16 29
n_n7399 11 30
n_n7400 20 27
n_n755 11 52
n_n7702 20 7
n_n7804 38 39
n_n7805 39 39
n_n7808 22 52
n_n7816 13 53
n_n7825 13 56
n_n7837 15 59
n_n7845 18 59
n_n785 28 26
n_n7855 24 26
n_n7877 23 21
n_n7885 11 47
n_n7893 22 21
n_n7905 12 43
n_n7913 12 46
n_n7923 24 15
n_n7931 24 37
n_n7945 11 32
n_n7947 22 20
n_n7993 16 48
n_n8001 17 49
n_n8015 23 20
n_n8061 17 48
n_n8069 18 47
n_n8097 35 26
n_n8098 36 25
n_n8101 12 31
n_n8104 64 61
n_n8106 60 19
n_n8112 63 69
n_n8118 4 11
n_n8169 38 16
n_n8180 13 11
n_n8223 38 19
n_n8243 38 8
n_n8286 39 18
n_n8340 38 15
n_n8352 24 55
n_n876 26 37
n_n8862 21 54
n_n8876 2 24
n_n8877 55 64
n_n8905 16 49
n_n8913 18 50
n_n8924 23 52
n_n8930 40 62
n_n8932 21 60
n_n8948 15 49
n_n8956 19 47
n_n8968 15 48
n_n8976 18 46
n_n8987 23 51
n_n8994 21 56
n_n9027 22 60
n_n9043 21 59
n_n9064 23 60
n_n9080 21 58
n_n9093 35 62
n_n9141 23 57
n_n9157 22 57
n_n9194 22 58
n_n9245 28 66
n_n9294 38 51
n_n9296 43 42
n_n9302 39 46
n_n9304 39 45
n_n9399 69 5
n_n9516 16 23
n_n9587 30 32
n_n9618 31 28
n_n9647 33 32
n_n9650 69 45
n_n9665 24 40
n_n9680 24 44
n_n9694 31 44
n_n9709 29 41
n_n9725 32 40
n_n9740 28 41
n_n9754 30 38
n_n9769 31 39
n_n9772 31 36
n_n983 3 66
n_n9894 34 32
n_n9895 32 27
n_n9916 32 60
n_n9921 38 32
ni2 10 35
ni3 67 33
nv10056 17 36
nv10068 18 0
nv10082 21 23
nv10086 13 25
nv1009 48 40
nv10099 50 17
nv10126 48 19
nv10130 37 45
nv10135 13 38
nv10143 68 33
nv10153 38 1
nv10156 39 16
nv10162 20 23
nv10167 0 31
nv10169 13 58
nv10172 39 32
nv10174 20 32
nv10178 35 67
nv10187 44 57
nv10222 20 68
nv10237 20 33
nv10247 67 34
nv10258 0 21
nv1030 61 40
nv10316 68 34
nv1052 62 38
nv10727 0 22
nv1073 60 31
nv1096 58 36
nv1117 53 36
nv1138 47 31
nv1162 49 40
nv1183 52 38
nv1205 61 33
nv1226 56 31
nv1249 56 26
nv1270 63 36
nv1316 51 41
nv1337 57 40
nv1359 62 27
nv1380 57 34
nv14 44 46
nv1403 50 26
nv1424 55 34
nv1445 47 27
nv1469 54 39
nv1512 49 37
nv1533 60 34
nv1556 60 26
nv1577 60 39
nv158 41 61
nv1598 47 26
nv16 40 47
nv1620 59 10
nv163 36 60
nv166 40 59
nv181 51 53
nv197 51 52
nv2 41 45
nv2066 65 28
nv209 39 66
nv212 44 64
nv2190 38 59
nv2193 32 39
nv2216 32 45
nv2231 18 48
nv2235 20 49
nv2241 39 60
nv2252 24 38
nv2256 28 44
nv2272 33 44
nv2276 35 46
nv2290 18 66
nv2294 11 54
nv2309 27 38
nv2313 28 64
nv2314 30 50
nv2330 29 54
nv2334 39 63
nv2340 29 39
nv2344 31 57
nv2348 39 64
nv235 47 59
nv2355 29 38
nv2359 29 46
nv2373 36 41
nv2377 23 53
nv2393 24 68
nv2397 34 46
nv2411 34 68
nv2415 36 47
nv243 19 52
nv2430 26 38
nv2434 32 55
nv2448 18 39
nv2458 14 64
nv2462 32 47
nv2469 19 49
nv2473 28 49
nv2478 28 42
nv2482 28 47
nv2489 35 45
nv2493 35 48
nv2498 12 54
nv2502 11 55
nv2508 28 65
nv251 42 43
nv2520 16 69
nv2524 32 48
nv2530 35 70
nv2534 32 49
nv2545 29 47
nv2550 21 53
nv2554 26 53
nv2561 33 47
nv2565 34 47
nv2570 36 45
nv2574 35 47
nv2580 32 51
nv2602 31 61
nv2605 33 39
nv2627 32 44
nv2641 30 44
nv2647 34 61
nv2668 29 42
nv2694 36 44
nv2718 31 49
nv2743 24 54
nv2748 27 42
nv2766 30 41
nv2770 31 62
nv2773 32 46
nv2786 32 59
nv2793 33 49
nv2807 25 43
nv2831 24 46
nv2857 35 41
nv2881 23 40
nv2906 32 54
nv2907 22 54
nv2911 26 43
nv2930 33 52
nv2933 20 39
nv2946 31 46
nv2949 21 50
nv2963 30 45
nv2978 29 44
nv2995 35 44
nv302 33 67
nv3026 23 50
nv3044 33 46
nv3060 33 51
nv3063 27 39
nv3077 27 43
nv3092 26 46
nv31 41 46
nv3109 35 43
nv3124 36 43
nv3140 32 50
nv3156 34 25
nv3163 42 35
nv3187 41 34
nv3194 37 25
nv3202 30 35
nv3214 30 36
nv3245 37 40
nv3252 41 25
nv3260 30 34
nv3273 35 28
nv3280 37 27
nv3304 39 36
nv3311 38 40
nv3319 37 31
nv3362 40 27
nv3369 42 36
nv3377 35 31
nv345 40 42
nv349 66 13
nv354 47 58
nv363 47 47
nv3672 17 18
nv3901 55 63
nv3912 37 30
nv3916 34 59
nv3918 42 59
nv3927 36 62
nv401 33 64
nv4045 21 52
nv406 41 56
nv4172 17 47
nv4198 14 49
nv4234 17 52
nv4242 17 53
nv4252 14 51
nv4260 14 50
nv4284 30 9
nv43 40 46
nv4301 32 9
nv4311 42 15
nv4319 38 13
nv4355 39 10
nv4363 35 8
nv4373 32 7
nv4381 34 12
nv4389 33 18
nv4401 42 7
nv4409 44 8
nv4418 30 7
nv4426 35 14
nv4436 40 18
nv444 40 63
nv4444 37 17
nv4452 44 18
nv4480 41 10
nv4488 31 7
nv4498 40 9
nv4506 31 14
nv4514 31 18
nv4537 25 7
nv4545 38 11
nv4552 32 12
nv4561 41 15
nv4568 38 14
nv4575 43 21
nv4600 38 6
nv4607 30 8
nv4616 31 6
nv4623 33 12
nv4630 33 19
nv4641 43 6
nv4648 43 9
nv4656 23 7
nv4663 37 16
nv4679 36 18
nv4711 40 11
nv4718 37 6
nv4727 39 8
nv4734 33 14
nv4741 32 19
nv4833 42 28
nv4932 1 10
nv4942 37 28
nv525 49 46
nv5285 3 11
nv5287 36 28
nv539 41 65
nv5493 38 10
nv5499 30 10
nv5548 37 14
nv5590 41 11
nv5596 31 10
nv5843 38 22
nv5862 51 28
nv5867 38 29
nv59 44 68
nv590 36 65
nv5906 33 8
nv5954 39 7
nv6010 33 7
nv6017 37 15
nv6072 34 7
nv6104 40 21
nv6110 34 30
nv6146 50 29
nv624 37 49
nv6289 51 29
nv633 46 59
nv6425 54 60
nv6428 70 0
nv644 41 51
nv6450 50 66
nv6459 26 36
nv6462 34 55
nv6472 25 56
nv6486 34 54
nv6576 34 60
nv658 62 55
nv6589 35 60
nv662 62 40
nv666 35 53
nv667 34 51
nv6789 28 12
nv679 57 44
nv6797 26 9
nv6806 27 16
nv6814 24 16
nv6824 35 11
nv683 48 48
nv6851 22 9
nv6859 20 9
nv6868 29 9
nv687 43 52
nv6876 21 20
nv69 42 60
nv6902 32 21
nv6914 26 25
nv6922 30 25
nv6931 27 25
nv6939 21 21
nv6949 35 19
nv6965 35 24
nv6976 28 23
nv699 57 55
nv6993 29 25
nv7001 20 21
nv7011 29 23
nv7019 26 13
nv7027 31 25
nv7050 25 10
nv7058 30 16
nv7065 30 18
nv7074 34 10
nv708 37 52
nv7081 34 18
nv7088 34 16
nv7098 23 9
nv7105 21 9
nv7113 28 9
nv7120 20 19
nv7136 29 13
nv7143 32 20
nv7154 27 24
nv7169 27 21
nv717 3 30
nv7176 26 22
nv7185 32 22
nv7192 34 21
nv7199 34 24
nv7209 27 23
nv7216 30 23
nv7224 28 21
nv7231 20 24
nv7240 28 22
nv7247 25 17
nv7254 32 24
nv726 44 51
nv7346 40 22
nv735 0 13
nv740 45 50
nv7445 69 0
nv7447 26 41
nv7451 39 25
nv750 53 46
nv758 34 52
nv7647 57 11
nv7650 38 26
nv779 63 44
nv7791 38 70
nv7794 39 26
nv78 45 59
nv787 37 50
nv7952 28 16
nv7958 17 19
nv797 58 48
nv8006 16 20
nv801 55 48
nv8049 27 17
nv805 36 50
nv8055 18 20
nv8103 18 22
nv817 51 54
nv821 59 30
nv826 37 51
nv835 58 40
nv8350 39 23
nv8369 41 22
nv839 63 37
nv8402 19 16
nv8409 19 19
nv844 38 50
nv8464 19 22
nv8513 26 16
nv853 49 15
nv8575 20 34
nv858 44 50
nv8605 52 19
nv8608 48 66
nv8628 55 15
nv8633 41 27
nv869 52 47
nv873 50 46
nv883 47 48
nv890 63 51
nv8909 22 35
nv8919 61 19
nv894 43 48
nv899 53 48
nv9029 39 56
nv903 44 48
nv9031 37 60
nv9048 35 63
nv9050 41 63
nv9082 38 56
nv9098 34 63
nv910 57 54
nv914 38 47
nv9145 36 63
nv9189 36 64
nv919 47 50
nv923 42 47
nv9262 35 64
nv928 49 47
nv9285 33 60
nv9297 34 64
nv938 60 52
nv942 52 46
nv9492 33 57
nv952 51 46
nv959 63 39
nv963 59 65
nv968 62 48
nv972 45 48
nv979 59 43
nv988 64 37
nv992 41 47
nv9968 14 29
nv997 48 15
p_cmndst0p0 46 48
p_cmndst1p0 42 61
p_cmnxcp_0 46 41
p_cmx0ad_0 27 70
p_cmx0ad_12 27 66
p_cmx0ad_15 11 66
p_cmx0ad_16 0 28
p_cmx0ad_19 0 66
p_cmx0ad_20 0 52
p_cmx0ad_22 5 47
p_cmx0ad_23 0 38
p_cmx0ad_28 0 19
p_cmx0ad_30 9 70
p_cmx0ad_5 26 70
p_cmx1ad_15 53 55
p_cmx1ad_18 70 25
p_cmx1ad_20 70 31
p_cmx1ad_22 70 50
p_cmx1ad_23 70 45
p_cmx1ad_27 70 64
p_cmx1ad_28 54 0
p_cmx1ad_30 59 70
p_cmx1ad_4 53 0
p_cmx1ad_5 68 0
p_cmx1ad_7 24 14
p_cmxig_0 49 17
p_cmxig_1 38 45
p_cmxir_1 15 34
