1001 40 49
1002 40 21
1003 49 46
1005 53 25
1006 52 58
1007 47 34
1009 63 41
1011 7 13
1012 29 47
1013 54 25
1016 9 10
1017 39 50
1019 45 38
1021 42 44
1022 55 45
1024 39 8
1026 27 21
1027 34 41
1028 15 46
1029 29 17
1030 33 47
1031 6 16
1034 13 10
1035 11 13
1037 70 35
1040 40 66
1041 52 28
1044 6 26
1045 36 70
1047 61 32
1049 51 28
1050 56 39
1052 12 61
1054 39 61
1055 9 41
1056 17 69
1058 42 65
1061 50 60
1062 42 12
1065 42 24
1066 0 45
1068 56 40
1069 51 6
1070 40 51
1071 10 37
1072 22 61
1073 26 58
1074 54 53
1075 49 36
1076 56 33
1078 48 34
1080 14 28
1081 62 44
1083 12 35
1084 14 32
1085 40 24
1088 9 37
1091 70 40
1093 5 55
1096 16 57
1098 53 28
1099 17 15
1101 61 41
1102 11 48
1103 51 26
1104 65 37
1106 21 44
1108 22 52
1109 40 53
1110 6 36
1111 49 29
1113 6 23
1114 17 46
1115 24 36
1116 38 16
1117 37 25
1120 6 49
1121 41 29
1124 70 60
1125 16 10
1126 48 25
1127 13 61
1128 47 22
1129 37 50
1130 24 51
1132 41 21
1133 4 32
1134 4 22
1141 33 44
1142 55 40
1143 46 61
1145 43 65
1146 54 39
1147 34 21
1155 32 43
1159 2 67
1160 52 49
1164 40 47
1165 22 14
1166 32 60
1168 23 48
1169 15 53
1172 38 59
1173 46 7
1174 18 1
1175 50 55
1176 40 61
1179 60 30
1180 61 30
1183 64 31
1184 56 27
1185 52 26
1186 67 32
1188 61 29
1189 54 26
1190 60 28
1193 56 28
1194 58 28
1203 25 31
1204 18 33
1211 52 37
1212 54 37
1214 24 61
1217 40 55
1221 15 64
1229 27 43
1231 59 39
1234 43 48
1243 21 54
1245 12 52
1246 11 51
1247 14 65
1249 54 46
1253 14 52
1258 17 39
1259 18 70
1260 33 40
1261 31 39
1263 40 46
1265 51 60
1266 46 69
1267 22 12
1268 38 70
1269 43 46
1272 37 57
1274 12 20
1276 24 43
1277 18 31
1278 37 55
1279 38 45
1281 62 36
1282 36 59
1283 46 65
1287 60 43
1291 0 46
1292 37 10
1293 20 61
1294 15 65
1297 54 48
1299 12 17
1303 25 15
1307 45 22
1308 30 1
1311 14 68
1314 18 39
1317 39 46
1319 51 34
1320 42 70
1323 27 30
1324 68 49
1325 59 31
1326 69 16
1327 25 64
1329 41 10
1330 40 64
1331 16 38
1332 38 60
1335 0 53
1336 28 31
1338 15 28
1339 22 15
1340 21 34
1342 5 22
1343 28 18
1344 40 68
1345 20 54
1346 60 31
1350 19 38
1351 28 35
1355 39 49
1359 17 54
1360 44 57
1361 32 58
1362 23 47
1363 40 70
1364 18 63
1366 31 41
1369 40 59
1377 41 45
1378 66 46
1383 42 22
1386 44 48
1397 43 42
1399 45 37
1400 43 41
1401 63 40
1405 55 67
1414 49 57
1421 48 59
1424 46 40
1426 48 49
1431 41 46
1432 22 67
1433 47 69
1434 45 58
1438 37 60
1442 5 19
1444 34 42
1456 54 52
1466 42 49
1476 53 45
1485 47 52
1486 65 58
1488 47 55
1491 46 54
1499 48 48
150 22 46
1502 48 40
1510 40 56
1512 51 51
1518 51 52
152 20 58
1537 52 50
154 32 25
1544 48 45
1545 56 59
1549 44 67
155 29 37
1551 27 55
1552 29 65
1553 41 9
1554 38 42
1556 30 43
1557 6 21
1559 3 47
1560 47 51
1573 47 42
1575 45 43
158 38 12
1599 53 42
160 23 23
161 37 16
1611 49 47
1624 44 40
1625 54 41
1626 49 41
1633 52 40
1639 47 54
164 40 34
1641 50 54
165 18 32
1665 54 54
1666 50 45
1673 25 66
1674 46 60
1675 28 43
1676 27 44
1678 44 60
1679 66 56
1696 49 38
1700 46 48
1706 47 48
171 20 6
172 51 39
1721 46 50
1738 49 40
174 43 35
176 44 45
177 45 33
1775 54 40
178 32 68
1781 39 60
1789 48 42
1792 51 54
1801 54 42
181 31 70
1815 55 39
182 18 14
1825 50 49
1834 50 46
1839 55 36
1847 50 36
185 10 34
1850 50 47
1862 43 44
1864 49 39
1868 50 48
188 3 23
1885 48 41
189 35 3
190 24 25
1900 51 48
191 38 69
1919 46 59
1922 44 58
1928 43 38
1929 50 52
1937 63 42
1949 43 59
1961 49 64
198 12 34
1989 53 62
199 67 58
1992 48 26
2003 63 44
201 29 28
2010 65 43
2022 45 62
2023 53 50
203 7 48
2037 59 38
204 43 53
205 51 41
2059 54 63
206 28 1
2069 55 46
208 31 31
211 26 48
2111 30 18
2112 31 18
2113 33 19
2115 36 22
2116 31 22
2118 32 22
2119 25 17
2120 20 16
2121 23 16
2122 20 19
2124 16 26
2126 23 17
2127 19 15
2128 18 22
213 61 61
2130 19 19
2132 22 24
2133 23 24
2134 18 18
2135 22 19
2136 22 21
2137 20 23
2138 21 18
2142 25 13
2146 16 16
2148 24 12
2149 47 63
2150 14 62
2151 63 58
2156 5 63
2157 10 63
216 58 34
2164 37 67
2165 19 58
2166 58 0
2167 21 55
2169 69 9
217 34 0
2170 20 65
2172 69 41
2173 43 60
2174 50 70
2175 37 35
2178 8 54
2180 24 42
2181 29 43
2182 20 57
2184 14 59
219 64 67
2192 22 42
2198 7 34
2199 13 58
2201 32 8
2202 65 34
2204 69 7
2205 6 64
2207 36 35
221 24 38
2216 8 43
222 63 46
2228 15 48
2230 25 41
2232 22 48
2235 25 46
2236 21 58
2237 10 35
2238 25 19
2243 25 40
2244 26 51
2245 20 47
2246 14 48
2247 21 48
2248 15 55
225 39 41
2250 25 47
226 8 61
2263 12 46
2264 26 65
2265 52 17
2268 64 69
227 11 42
2270 17 36
2272 12 48
2273 25 65
2274 1 31
2276 8 38
2278 70 52
228 5 11
2281 13 44
2282 23 39
2284 62 11
2285 68 39
2288 18 34
229 49 37
2290 12 37
2293 23 62
2294 53 69
2295 11 25
2296 11 65
2297 38 54
2298 35 49
230 22 49
2300 30 65
2301 30 34
2303 18 37
2304 9 28
2306 25 59
2307 15 33
231 50 37
2310 12 44
2313 12 58
2314 5 59
2316 2 54
2318 9 34
2330 20 49
2333 7 47
2336 10 16
2341 70 19
2349 16 41
2351 12 54
2353 26 47
2354 2 7
2356 19 37
2361 67 36
2363 13 48
2366 20 32
2367 42 41
2370 27 50
2371 27 40
2372 24 45
2376 21 49
238 53 35
2380 22 65
2381 22 33
2383 67 53
2384 46 70
2391 38 62
2398 50 67
2399 35 65
2411 24 39
2412 20 46
2413 27 46
242 48 39
2420 21 28
2421 18 47
2422 13 46
2424 48 20
2425 21 32
2427 45 60
2429 11 54
243 27 11
2430 4 47
2431 67 44
2432 0 25
2433 67 46
244 22 9
2440 15 0
2441 50 3
2447 13 32
2454 54 66
2458 47 1
246 26 24
247 10 40
2479 24 40
248 17 38
2480 13 45
2482 7 40
2483 63 11
2484 70 39
2487 13 35
249 12 27
2490 42 6
2491 70 22
2492 10 48
2493 70 18
2499 34 66
250 70 27
2507 17 61
251 28 9
2512 1 65
2526 10 55
2529 52 18
253 57 42
2531 21 35
2532 61 69
2534 4 41
2539 41 58
254 63 38
2541 23 0
2546 20 38
2553 67 61
257 38 66
258 44 51
2586 26 26
2589 29 7
2590 32 27
2592 23 19
2594 21 57
2596 48 66
2598 18 46
2599 18 44
2601 66 60
2602 0 7
2603 16 37
2605 11 31
2607 13 41
2608 38 35
261 20 44
2610 5 65
2612 13 30
2616 50 66
2618 4 34
2619 40 10
262 38 27
2621 10 66
2622 11 22
2624 7 31
2625 48 64
263 25 16
2630 13 39
2632 5 34
2633 62 67
2637 15 52
2638 29 10
2639 31 9
264 17 20
2641 18 16
2644 27 39
2645 8 40
265 17 14
2652 12 43
2653 14 51
2654 10 25
2656 69 54
2658 7 4
2659 3 44
266 55 43
2663 49 6
2666 29 53
267 22 44
2670 61 58
2672 9 25
2674 49 0
2691 16 48
2692 19 53
2693 16 59
2695 7 51
2697 37 69
2699 38 18
270 54 33
2702 15 37
2703 70 59
2705 4 19
2707 15 54
2709 24 19
2712 4 23
2713 19 52
2714 14 55
2715 4 13
2716 13 27
2718 11 39
2719 10 19
2720 16 52
2724 17 47
2725 24 59
2726 26 55
2727 65 55
2728 7 64
273 16 42
2730 31 34
2733 15 58
2734 30 10
2735 10 44
2736 70 65
2738 10 45
274 12 24
2741 36 34
2751 34 70
2752 15 44
2753 50 59
2754 20 39
2756 10 8
2757 3 46
276 23 41
2761 66 65
2763 14 35
2767 23 46
2769 47 60
2773 15 41
2774 24 47
2775 22 43
2778 10 1
2780 22 47
2781 21 40
2785 8 47
2786 14 53
2787 31 7
279 17 34
2791 9 45
2795 13 8
280 33 39
2801 15 43
2814 26 22
2815 20 25
2816 19 17
2818 20 22
2819 26 27
282 17 64
2820 20 27
2821 25 27
2822 29 8
2825 24 22
2827 24 21
2831 19 54
2832 48 67
2833 22 57
2834 17 48
2835 3 33
2837 69 56
2839 16 40
2843 3 32
2845 14 41
2846 39 35
285 28 20
2852 7 30
2855 25 61
2856 17 50
2858 13 64
2860 22 60
2861 6 31
2867 18 55
2868 49 66
2869 64 19
28694 51 1
28700 42 37
28702 42 38
28706 8 64
28743 40 40
28746 41 38
2875 5 37
28760 49 68
28762 33 43
28772 49 26
2878 36 40
28784 51 35
28787 52 34
28794 44 26
28800 64 35
28802 70 41
28807 48 23
28811 64 0
28830 40 36
28833 47 24
28838 70 49
28854 47 21
28859 45 26
2886 16 39
28865 49 23
28869 53 31
2887 41 8
28887 49 24
289 26 25
28909 30 15
28916 70 50
28926 34 22
28928 32 13
2893 25 26
2894 24 24
28948 36 19
28952 30 13
2896 26 28
28963 41 24
2897 19 27
28976 14 16
2899 31 27
2900 20 26
29008 40 19
2901 27 22
29012 47 49
29024 60 32
29028 29 48
29036 46 17
29050 42 40
29096 8 5
291 29 22
2910 19 57
29101 28 23
29105 45 36
29114 44 33
2912 18 53
2913 47 67
2914 68 62
2915 3 8
29156 39 18
29166 31 66
2917 39 68
29178 33 22
2918 13 43
29181 19 16
29185 10 33
29187 0 15
29205 18 4
29208 23 6
2921 5 68
2922 8 35
29230 20 7
2925 24 18
29261 31 21
29263 31 20
29272 17 11
29275 11 11
29278 23 10
2928 50 13
29287 22 20
29289 17 23
2929 67 21
29299 29 23
293 44 43
29302 23 20
29308 18 8
29314 19 12
29316 23 4
2932 48 11
29320 23 15
29322 12 11
2934 69 22
29374 30 21
2938 67 57
29396 41 18
294 43 68
2940 55 62
29404 34 9
29405 37 18
29417 47 16
2943 11 12
29453 60 7
29456 27 61
29461 28 16
29467 35 60
2947 10 28
2949 51 57
29499 26 53
295 36 42
2950 28 69
29505 32 57
29510 69 2
29513 3 63
29520 2 1
29522 17 57
2954 52 69
29542 67 1
2956 52 56
2957 18 40
2958 26 7
29596 31 58
29600 26 54
29642 10 60
2969 18 50
29697 18 66
29699 0 69
297 40 25
2971 47 64
29717 12 55
2972 4 33
2973 6 33
29750 20 35
29763 37 62
29765 2 66
29791 18 57
29795 7 23
29799 21 65
298 27 37
2980 18 62
29803 37 43
29815 35 17
29838 24 34
29843 0 47
29860 0 26
2988 7 24
29889 9 7
2989 40 0
29895 7 36
29899 21 3
29903 14 11
29911 10 4
29915 4 59
29919 7 3
29923 41 69
29927 2 5
29930 20 3
29935 27 35
29939 6 13
2995 43 47
29957 3 4
29959 16 54
29971 8 12
29976 36 48
29984 26 39
29991 31 44
29999 29 64
300 24 44
30001 21 68
30020 33 46
30029 29 45
3003 18 52
30040 29 44
3005 38 10
3006 13 26
301 25 42
3011 33 5
30110 28 44
30113 32 51
30114 70 53
30117 12 60
3012 60 57
30122 14 47
30137 32 45
30166 27 68
30168 22 62
3017 40 8
302 9 23
3021 40 63
3022 64 13
30237 19 29
3024 4 58
30241 16 53
30244 69 4
3026 19 45
30262 0 31
30266 63 8
3027 0 27
30276 39 11
303 38 8
30337 19 18
30349 16 14
3036 14 57
3037 17 58
30375 28 2
30385 28 5
30386 20 29
3039 25 53
30390 12 29
304 40 35
3040 32 34
30412 15 29
30427 16 24
30436 32 10
30456 14 29
3046 26 32
30491 21 29
30497 29 11
305 21 38
3050 17 1
3051 38 6
30517 18 30
30550 44 14
30556 59 12
306 22 38
3069 10 29
30707 31 10
30709 12 25
30719 0 41
30720 8 34
30721 16 13
30722 9 16
30750 32 0
30760 31 30
30763 6 18
30772 7 35
30775 5 24
30796 32 42
308 39 20
30813 26 36
30823 11 28
30833 29 60
30839 31 63
3084 33 42
30841 4 61
30846 37 63
30888 70 48
30916 66 27
30949 60 65
30950 11 33
30956 34 32
30985 36 26
310 61 44
31059 13 17
31091 46 14
311 21 4
3116 62 33
31163 15 20
31164 16 17
3117 18 17
31177 61 14
31185 64 8
31189 53 5
31190 60 1
31193 49 21
31201 59 3
31205 55 4
3121 17 33
31212 50 24
31213 62 0
3122 24 23
31220 64 20
31221 54 4
31225 57 3
31233 65 9
31256 45 14
31267 48 4
31271 52 15
31275 54 6
31279 49 22
31283 50 4
31291 58 1
31298 51 17
31299 57 15
31303 3 5
31311 70 25
31315 69 58
31342 67 3
31354 55 21
31357 56 24
31361 20 67
31365 52 8
31373 56 15
31381 51 15
31385 57 19
31389 65 17
31393 1 2
314 59 30
31401 53 12
31405 61 11
31436 57 10
31443 64 9
31447 52 9
31452 66 22
31459 67 19
31463 69 17
31469 55 22
31471 7 17
31479 60 8
31487 59 6
31491 10 7
31495 70 37
315 33 7
31529 0 64
31534 58 17
31537 61 12
31541 42 10
31548 63 9
31552 57 18
31553 63 1
31561 65 11
31569 69 36
316 36 56
3160 21 45
31600 54 23
31603 61 21
31607 11 19
3161 19 41
31611 69 19
31612 65 23
31615 70 28
3162 19 55
31627 66 44
3163 11 18
31634 60 22
31635 70 15
31642 62 25
31643 67 26
3165 19 48
31655 69 18
3167 18 43
31681 69 38
31685 53 2
31689 63 25
3169 21 5
31693 63 14
317 21 50
31701 50 12
31705 67 34
31709 64 16
31715 59 25
31717 9 64
31721 60 5
31725 64 42
3173 34 12
31733 8 8
3174 36 18
3175 19 43
31765 65 22
31771 66 0
31775 47 70
31782 60 16
31783 57 4
31791 63 15
31795 69 25
31799 55 6
318 70 34
3180 61 57
31806 62 14
31807 70 7
3181 9 19
31819 25 58
31872 11 15
31879 9 65
31887 32 7
31888 10 14
31889 6 70
319 57 24
31917 25 21
31925 8 19
31931 0 11
31933 16 7
31951 39 70
32000 20 37
32017 46 57
32022 4 31
32058 11 5
32072 67 16
32073 15 34
32074 64 45
32086 8 56
321 55 29
32150 24 4
32157 18 64
32192 23 22
32197 15 51
322 54 31
32214 15 5
32224 63 45
32238 8 14
32246 66 70
32269 6 17
32273 66 38
32278 26 67
32299 49 4
32339 27 25
32351 18 9
32361 21 70
32366 2 12
32370 68 55
32374 15 18
32385 27 34
32386 15 25
32415 16 22
32416 18 49
32420 12 66
32440 4 45
325 31 43
32516 24 60
32519 3 43
32523 13 22
32534 45 4
32550 68 51
3257 60 54
3258 55 53
32584 45 2
32588 7 57
3259 58 52
326 26 56
3260 58 47
32600 22 5
32609 32 11
3261 56 53
32612 13 3
32618 24 11
32626 32 65
3263 60 56
32630 0 17
3264 55 51
3265 58 54
32656 19 66
32666 9 44
32683 14 5
32686 13 28
32715 12 1
32723 7 29
32729 43 14
32732 40 3
32745 28 29
32763 67 33
32774 13 57
32778 0 12
32785 35 5
32787 35 0
32796 6 63
328 42 64
32804 10 65
32807 70 0
3281 64 48
32810 26 59
3284 61 49
32840 2 26
32842 2 51
32844 5 54
3285 60 48
3286 61 45
3287 62 48
329 42 55
3292 60 50
3293 62 47
32935 12 56
32937 8 57
3294 61 48
3295 58 44
32959 67 0
32994 15 45
33013 11 57
33017 12 53
33077 0 67
33079 2 41
33083 51 68
331 17 22
3314 62 34
33161 14 46
33163 1 24
332 41 53
33241 14 17
33266 35 8
33277 58 45
333 46 32
33313 59 54
33314 56 54
33324 55 50
33349 47 20
33351 51 8
33363 58 55
33371 58 53
33373 59 49
33396 10 24
33397 57 46
334 22 31
33407 62 49
33413 57 52
33417 57 44
33432 58 50
33454 59 45
3347 56 57
33474 51 19
33485 61 54
335 19 44
3351 55 58
3352 60 59
3353 55 56
33534 60 52
3355 57 57
3356 56 56
33560 55 54
33561 58 48
33569 55 55
3357 57 55
33579 51 56
33594 45 19
33631 23 51
33641 31 68
33663 14 70
33677 12 15
33683 9 53
33699 67 40
3370 57 50
3371 60 49
3372 60 44
3374 59 50
33741 17 59
33746 12 5
3375 59 47
3376 56 50
3377 58 49
33780 7 8
33786 8 26
33790 60 0
338 29 34
3380 54 50
33807 6 8
33809 41 7
3381 56 47
33827 35 66
33866 19 61
33867 7 56
33869 9 68
33878 0 1
339 32 37
33912 34 20
33913 23 66
33922 18 23
33923 13 11
33936 12 12
33953 8 63
33957 16 63
33966 68 70
3397 57 49
3398 59 51
3399 60 42
340 15 47
3400 57 47
3401 58 51
34012 50 2
3402 59 44
34021 59 70
3403 57 48
3404 57 51
34042 20 0
34062 25 12
34064 21 56
3408 56 44
34092 13 54
341 59 36
34103 52 7
34110 39 0
34112 66 49
34131 44 5
34136 26 44
3418 60 55
34183 44 4
3419 57 54
3420 63 53
3421 59 55
3423 62 58
34237 3 59
3424 57 53
3426 61 56
34264 3 52
3427 59 53
34274 21 47
3428 56 55
34345 20 28
34357 19 11
34366 70 10
34371 51 69
34375 44 7
34378 12 41
34387 63 59
34396 67 56
34399 11 53
344 15 59
34413 2 37
34415 20 51
34443 46 4
34485 2 57
34486 67 28
34489 48 15
3449 60 45
345 30 63
3451 58 46
3452 57 45
3454 59 48
34550 30 4
34559 9 13
34561 48 6
3457 56 46
34586 9 43
3459 60 47
34595 8 60
34601 7 10
3461 65 36
34619 13 62
34623 2 29
34645 15 57
34648 23 55
34674 53 70
34681 49 59
347 54 28
34731 8 30
34735 11 26
34745 56 1
34747 66 14
34760 11 17
3479 63 54
3480 59 58
3481 57 56
3482 63 51
34823 20 8
34828 20 13
3483 58 57
34841 24 26
3486 59 56
34864 16 3
3487 58 56
34872 18 5
34886 37 5
349 55 44
34979 35 18
35024 41 47
35030 53 55
3504 20 11
35050 42 20
35052 56 43
35053 54 45
3506 15 15
3507 49 31
35079 52 41
35081 0 29
351 1 5
3511 35 12
3515 26 18
3516 21 19
35168 52 53
3517 20 17
3518 21 13
35180 3 16
35182 40 52
352 18 28
35218 51 49
3522 25 18
3523 19 24
3524 30 26
35242 49 44
35248 35 51
3526 19 23
35278 43 66
3529 16 23
353 11 37
3531 17 24
3535 23 25
35379 0 63
3538 21 24
3539 23 12
354 32 39
35426 24 63
3546 28 26
35487 6 19
35489 59 68
3549 46 10
35490 45 63
355 21 43
3550 16 69
3551 15 23
35514 37 61
35524 44 70
35526 30 66
3553 27 23
3555 25 14
3556 26 14
3557 5 27
3558 17 44
3559 14 24
356 22 41
35619 28 13
35645 35 22
35650 32 17
35657 29 21
35673 16 18
3568 25 69
35694 23 30
357 51 38
3570 32 36
3572 35 36
3578 17 49
3579 68 22
358 0 58
3580 31 36
3581 8 9
3588 22 40
3589 21 36
3590 38 11
3591 14 34
3593 13 34
3594 4 0
3595 8 22
360 21 26
3602 29 31
3604 33 31
361 50 58
3612 23 69
3615 5 28
3617 35 35
3618 35 37
3619 8 27
362 14 18
3628 18 51
3629 18 48
363 26 37
3630 9 9
3631 5 6
3635 6 27
3638 22 16
364 27 36
3642 25 29
3643 27 26
3646 26 21
3647 18 24
365 51 37
3650 12 38
3651 19 35
3652 43 12
3653 43 8
3656 24 35
366 34 18
3660 15 30
3665 29 6
3666 22 17
367 27 14
3672 23 45
3679 25 36
368 50 64
3680 3 19
3682 70 3
3686 7 43
3687 22 45
369 10 22
3691 16 61
3693 21 46
3696 52 4
3698 23 36
3713 12 49
3716 24 53
3717 9 46
3718 5 36
372 10 39
3727 1 29
3728 21 7
3729 48 5
373 25 38
3730 53 8
3732 27 42
3736 5 30
3737 66 20
3738 33 45
3739 20 43
374 22 18
3740 4 39
3744 21 42
375 21 20
3752 2 32
3753 44 13
3754 3 70
3756 24 49
3757 12 6
376 30 67
3762 8 51
3766 11 49
3767 17 62
3769 25 54
3771 22 39
378 31 29
3781 28 41
3782 26 46
3785 21 8
379 22 50
3791 23 40
3792 24 50
3795 2 27
3797 16 30
380 37 11
3801 25 50
3802 26 42
3804 26 45
3805 4 27
3808 42 1
381 17 51
3810 15 3
3812 27 49
3813 27 41
3815 26 43
3816 10 27
3818 48 7
382 48 44
3828 61 9
3829 10 23
383 26 49
3832 51 14
384 43 36
3843 65 19
3845 22 51
3847 24 41
3849 10 43
3850 6 39
3857 52 6
3859 20 52
386 26 5
3865 36 3
3867 48 3
3868 3 54
387 1 45
3872 15 36
3875 3 48
3876 7 46
3878 46 11
3879 36 38
388 48 37
3881 18 19
3882 55 8
3884 0 66
3885 26 38
3886 25 63
3887 14 60
389 29 14
3892 6 43
3893 1 67
3895 7 67
3897 47 12
3898 32 32
3899 39 25
3900 40 18
3902 55 7
3905 10 26
3906 7 20
3914 46 19
3916 30 61
3919 18 56
392 60 68
3927 11 21
393 3 27
3930 5 70
3934 49 17
3935 16 70
3936 66 45
394 12 28
3940 25 43
3941 28 47
3942 24 52
3943 3 12
3944 0 51
3945 53 13
3947 19 32
3948 34 17
395 5 21
3953 62 9
396 66 32
398 57 40
3983 4 49
3987 11 46
3988 17 32
399 28 21
3991 30 60
3998 45 23
4000 38 61
4001 41 63
4002 44 3
4004 50 7
4017 26 41
4018 25 51
4019 27 45
402 31 62
4020 25 44
4021 44 12
4023 17 30
403 11 20
4036 24 2
4039 51 11
4040 38 1
4045 47 6
405 41 33
406 50 29
4063 20 50
4064 6 46
4067 3 28
4069 25 37
407 52 29
4070 47 17
408 64 41
4089 33 41
409 62 39
4095 16 51
4098 46 15
410 27 17
4102 23 31
4103 22 32
411 38 22
4111 14 33
4112 7 0
4113 9 50
4117 4 24
4118 0 16
412 55 49
4122 14 58
4123 10 50
4124 68 16
4125 38 65
4126 44 15
413 39 22
4132 15 49
4133 51 3
4136 28 70
4138 0 19
414 39 15
415 17 16
4151 25 70
4153 14 45
4154 20 62
4155 10 47
416 63 68
4160 46 21
4161 18 59
4162 1 18
4164 11 66
4165 24 37
4166 19 36
4167 29 19
417 64 47
4171 5 33
4172 19 59
4176 50 10
4177 31 38
4179 20 60
418 70 42
4181 47 58
4182 11 32
4183 65 42
4184 3 39
4189 4 54
419 55 34
4194 52 10
4195 17 60
4197 39 12
4202 24 31
4205 31 33
4206 12 30
4207 16 60
4208 48 0
4209 45 10
4211 24 5
4213 16 62
4214 27 3
4216 45 9
4217 12 62
422 66 34
424 23 9
4240 46 64
4241 17 45
4243 11 0
4245 10 70
4246 28 22
4249 24 15
4250 4 28
4252 15 32
4256 23 26
4257 67 12
4259 25 32
426 64 38
4261 29 27
4262 27 27
4263 28 34
4264 27 28
4265 29 26
4267 11 34
427 25 25
4275 53 6
428 39 23
4287 39 62
429 20 18
4293 63 10
4299 47 66
4301 63 61
4302 1 43
4303 10 61
4304 33 37
4305 47 5
4306 34 36
4308 16 33
431 35 20
4318 30 64
4319 29 62
432 36 13
4330 32 38
4331 16 49
4335 69 20
4339 15 39
4343 66 9
4347 42 5
435 60 70
4351 46 12
4352 11 9
4356 36 64
4358 8 62
4359 39 10
436 47 38
4360 13 33
4369 2 53
437 7 58
4370 35 63
4371 0 24
4375 28 46
4376 26 11
438 29 36
4380 49 70
439 47 19
4407 70 61
4408 10 21
4409 9 39
441 53 48
4410 16 46
4415 14 39
442 10 41
4422 16 47
4423 19 50
4424 39 53
4426 11 36
4431 12 23
4435 64 10
4439 52 3
4445 63 12
4463 19 46
4465 18 68
4466 13 0
4471 14 37
4472 14 40
4473 17 42
4476 14 50
448 21 39
4494 11 40
4503 44 6
451 48 13
4519 19 65
452 13 9
4520 13 2
4523 9 32
4525 17 41
453 23 29
4530 43 15
4546 10 53
4547 21 37
4548 19 51
4549 17 43
455 40 26
4552 66 50
4558 22 7
456 58 64
457 24 6
4581 35 15
4582 19 47
4584 16 44
4585 4 53
4589 16 2
4590 41 2
4592 36 39
4593 4 65
4595 30 12
4597 17 35
4598 5 69
460 67 14
4601 5 25
4602 35 39
461 50 43
4615 54 15
4616 53 18
4617 56 14
4620 54 20
4621 55 15
4625 56 16
4626 61 15
4627 54 17
4628 54 16
4629 55 16
4630 55 17
4632 48 22
4633 52 16
4635 50 17
4637 52 20
4638 50 25
4641 49 19
4643 62 5
4644 50 22
4645 50 20
4646 50 21
4647 53 20
4651 22 58
4653 44 16
4655 51 9
466 39 19
4661 60 21
4662 60 23
4663 62 22
4664 66 15
4666 58 24
4667 57 21
467 22 10
4670 59 24
4672 69 27
4673 59 22
4674 59 21
4675 58 21
4676 58 23
4687 30 6
4690 59 19
4691 54 19
4692 61 19
4695 56 22
4696 58 20
4700 58 18
4701 63 22
4702 60 19
4703 58 19
4704 60 20
4705 59 20
4707 53 22
4708 55 19
4709 55 23
471 20 20
4710 53 16
4712 53 21
4713 51 23
4716 54 21
4719 54 22
472 21 17
4720 56 21
4721 56 23
4722 55 24
473 18 36
4738 63 24
4739 63 26
474 2 50
4740 60 24
4741 60 9
4743 59 23
4744 62 24
4748 62 23
4749 63 21
475 11 43
4750 61 23
4751 60 25
4752 61 22
4753 58 25
4755 54 27
4757 62 19
4758 63 19
4759 63 17
476 29 4
4760 55 18
4762 63 20
4763 60 18
4764 59 18
4766 62 20
4768 56 19
4769 62 18
4770 63 18
4771 62 17
478 33 17
479 23 21
480 18 25
481 9 29
482 10 64
4836 51 24
484 43 63
4846 52 23
4865 54 29
4867 61 24
4868 55 32
4869 26 68
487 41 52
489 51 27
4910 60 37
493 0 0
4933 59 14
4934 57 17
4935 60 14
4936 56 17
4938 57 16
4939 59 16
4943 60 15
4944 57 14
4945 58 16
4946 59 17
4947 59 15
4948 58 15
4965 48 36
4969 60 34
497 31 19
498 35 19
4981 19 14
4984 21 12
4986 15 12
4993 38 20
4997 25 30
4999 26 30
5001 27 29
5008 25 10
501 20 45
5010 26 29
5016 33 25
5018 31 26
502 45 12
5023 34 15
503 18 41
5031 30 19
5045 35 43
5046 33 35
5047 36 12
5048 35 34
505 41 54
5050 5 49
5051 33 24
5052 35 28
5053 35 26
5054 33 27
5055 34 23
5058 11 27
5059 33 33
506 50 50
5064 29 24
5066 35 33
5073 30 29
508 41 35
5081 32 15
5089 29 30
509 16 19
5090 33 9
5091 21 30
5092 23 11
5093 29 16
5095 30 41
5096 28 33
5097 31 35
5098 33 23
510 15 21
5101 24 33
5102 26 35
5107 27 31
5109 30 30
5110 30 36
5111 33 26
5112 22 28
5113 40 37
5114 21 31
512 58 38
5128 70 55
5129 22 55
513 25 24
5131 30 28
5135 32 41
5136 39 45
5138 28 51
5139 13 66
514 51 36
5140 27 57
5145 26 31
5146 24 30
5147 0 4
5149 10 5
515 30 22
5150 22 34
5151 29 40
5152 35 42
5154 32 50
5156 28 42
516 30 20
5160 31 28
5172 42 25
519 26 13
5199 34 24
5200 33 30
522 31 60
524 61 10
525 51 4
5253 34 43
526 12 0
5261 34 33
5262 33 34
5263 34 35
5266 34 37
527 69 6
5271 45 21
5274 38 15
5276 41 17
5279 41 19
528 19 39
5285 44 18
5287 39 30
5289 32 28
529 23 50
530 18 0
5300 46 25
5301 39 34
5302 37 33
5303 37 32
5304 31 24
5305 36 27
5308 34 34
531 51 63
5310 37 14
5311 38 13
5314 30 39
5317 38 26
5318 41 23
532 43 69
5328 40 28
533 43 16
5332 32 29
5342 45 20
5343 37 34
5345 35 32
5347 35 27
5348 38 28
535 40 2
5350 34 38
5353 68 17
5357 40 11
536 56 60
5364 47 18
5375 49 32
538 23 27
5394 42 13
5395 48 9
5397 36 33
5399 34 26
5401 55 27
542 41 50
543 38 39
5431 43 20
5432 38 34
5433 34 31
5434 38 32
5435 28 24
5437 30 32
5438 28 40
544 41 34
5440 33 32
5441 35 29
5442 33 11
5444 35 38
545 47 56
5456 40 16
546 42 57
5461 37 24
5466 46 20
5468 64 28
5473 70 30
549 65 66
5492 40 23
5493 37 31
5497 35 9
5515 34 27
5516 36 25
5518 31 32
552 28 39
5520 28 30
5522 29 42
5524 45 35
5525 28 64
5529 31 37
553 52 2
5533 36 31
5534 43 21
5536 35 31
5537 34 30
5538 36 30
555 9 24
5552 59 27
5576 48 32
5580 63 27
561 41 56
5617 38 33
5619 38 31
5620 36 32
5624 23 33
563 43 22
5634 65 25
5646 63 31
565 51 61
5656 44 22
5657 35 30
5658 39 32
5662 37 21
5663 34 39
5664 21 33
5667 26 33
5668 32 33
568 45 53
570 37 59
5711 48 33
572 21 10
573 25 49
575 23 37
576 20 34
577 20 33
5775 64 30
578 22 35
579 23 34
580 23 32
581 13 25
582 14 42
583 7 41
584 39 27
586 23 5
587 10 46
588 6 20
5897 56 35
5899 51 33
591 63 49
593 63 55
5932 58 36
5933 60 35
5936 59 43
5954 19 28
5956 18 27
5958 19 21
5960 14 19
5963 19 26
5972 16 55
5974 33 52
5975 23 54
5976 39 58
5978 15 31
5981 33 55
5982 33 57
5985 33 64
5988 33 53
5993 24 48
5996 31 49
600 25 9
6000 28 56
6001 44 55
6005 28 52
6008 9 55
601 42 53
6010 37 42
6015 11 8
6016 42 58
6017 36 53
6019 35 55
602 39 47
6020 43 49
6023 32 53
6029 28 48
6033 44 63
6035 29 38
6036 34 44
604 50 39
6040 30 56
6044 33 50
6045 36 45
6047 36 50
6048 29 50
6049 44 44
6051 23 57
6057 31 53
606 52 38
6060 28 62
6062 29 49
6065 34 47
6067 27 60
6071 34 48
6073 32 55
6080 33 60
6083 31 51
6084 27 51
6087 38 48
6088 10 30
6093 28 59
6094 38 58
6095 38 55
6096 34 46
6099 32 47
610 24 20
6100 11 50
6103 30 47
6108 36 54
6113 34 50
6114 38 44
6119 13 18
6122 29 39
613 22 22
6131 35 58
614 69 32
6142 35 50
6144 37 45
6146 38 50
6147 28 50
615 5 56
6150 21 62
6158 32 49
616 8 52
6160 30 50
6161 30 46
6162 35 59
6165 28 49
617 36 51
6174 36 44
6175 27 56
6176 30 55
6177 24 62
6178 34 49
6179 25 7
618 27 15
6180 35 44
6181 30 53
6182 30 57
6184 36 41
6186 37 70
6188 29 46
6192 25 48
6193 8 15
620 45 51
6205 39 67
6206 29 55
6207 22 64
6208 30 49
6209 29 66
621 55 33
6210 31 61
6211 20 40
6218 30 48
6222 34 60
6224 24 55
6225 35 53
6226 14 31
6227 33 59
6228 32 56
6229 33 56
623 48 50
6231 38 49
6233 25 57
6235 35 41
6238 31 57
6244 29 67
625 64 58
626 48 47
6267 39 52
6268 29 57
6269 25 62
627 55 61
6273 32 61
6275 21 61
6291 31 56
6292 27 52
6294 37 53
6295 8 25
6297 33 54
6302 24 58
6304 27 54
6305 11 14
6308 22 63
6309 15 40
631 20 30
6312 36 63
6313 28 60
6314 3 57
6315 37 54
6317 36 60
6319 30 52
632 50 26
6320 23 59
6321 38 47
6322 32 66
6324 31 64
6325 31 47
6326 39 57
634 42 68
6340 48 16
6342 21 64
6343 7 19
6347 30 44
6349 8 17
635 33 36
6350 30 62
6351 62 57
6353 9 26
6357 7 26
636 18 15
6360 44 0
638 37 17
6389 46 13
6390 44 19
6391 18 60
6393 14 25
6395 15 26
6396 0 55
6398 28 45
6399 21 52
640 65 18
6401 15 13
6402 5 7
6403 39 21
6405 17 29
641 19 40
642 4 43
643 69 11
644 5 51
645 66 11
646 70 17
649 16 45
6498 35 48
6499 28 53
650 14 49
6501 31 55
6502 37 49
6503 9 27
6504 37 44
6505 34 58
6506 39 48
6507 35 57
6509 39 44
651 45 55
6510 32 52
6512 31 45
6513 31 52
6516 32 54
652 14 43
6523 21 60
653 61 70
654 63 28
655 13 31
6556 44 38
656 18 42
6561 28 14
6569 31 59
657 69 53
659 49 15
660 32 1
661 20 4
6612 47 43
6625 30 59
6626 39 51
6627 29 58
6629 39 56
663 67 15
6630 23 60
6635 40 45
6640 40 57
6643 32 59
6648 31 46
665 25 2
666 14 8
6662 47 44
668 69 3
669 23 63
6691 45 44
6703 41 42
671 40 9
672 13 36
673 11 35
6731 36 66
674 52 0
675 13 7
6762 41 39
677 45 6
6771 28 15
6774 21 25
6775 39 13
6777 33 14
6779 36 21
678 36 4
6780 35 16
6781 32 12
6783 32 16
6785 34 16
6787 33 12
679 8 31
6792 42 43
6795 28 19
6797 33 21
6798 33 18
6800 32 21
6802 33 20
6803 32 19
6806 29 20
6808 66 28
681 48 19
6812 19 25
6817 16 27
6818 14 21
6819 26 20
682 46 8
6820 8 20
6822 15 16
6823 17 27
6824 15 22
6825 66 30
6826 13 19
6827 15 17
6833 13 20
6836 12 21
6837 28 27
6846 26 17
6859 21 23
686 56 37
6860 18 13
6861 15 24
6862 18 20
6863 20 14
6864 27 19
6866 24 28
6869 20 24
687 37 15
6870 24 29
6876 18 12
6878 16 15
688 54 44
6880 21 22
6881 16 20
6884 17 17
6886 19 13
6887 15 7
6888 17 21
6890 17 18
6891 21 14
691 63 30
6910 28 25
692 62 8
6920 43 10
6923 36 15
6926 29 13
6927 37 23
693 27 10
6931 38 19
6936 27 16
6938 29 12
694 28 36
6940 7 11
6946 41 40
6949 46 36
6950 42 32
6951 39 33
696 18 11
6962 27 18
697 67 9
6970 24 16
6971 26 15
6979 65 48
698 44 65
6981 41 43
6982 43 56
6983 65 49
6984 64 49
6986 65 60
6987 64 21
6988 42 33
699 10 32
6991 65 46
6995 38 21
7006 44 42
7007 70 66
7009 39 43
7011 40 43
7012 43 17
702 16 56
7024 40 29
703 53 37
7032 43 30
704 63 47
7042 42 28
7048 36 14
7049 33 16
705 8 36
7050 31 13
7051 35 14
7054 36 17
7055 33 15
706 57 30
7061 45 13
7065 33 13
7067 31 15
7069 35 13
707 63 52
7070 34 19
7071 31 14
7074 39 14
7075 38 25
708 8 70
7080 52 30
7081 50 31
7083 52 31
7085 50 30
7088 51 31
7089 65 35
7093 33 3
7094 50 27
710 18 65
7100 47 25
7102 67 23
7103 64 24
7107 47 23
711 45 15
7111 52 33
7112 65 24
7116 52 35
7120 65 38
7125 53 36
7129 47 35
7130 53 34
714 31 54
7159 37 40
7160 38 41
7162 38 40
7164 40 41
7165 41 41
7166 37 41
7170 41 37
7171 42 36
7173 40 39
7175 44 37
7176 44 34
7181 46 34
7184 41 36
722 65 31
723 8 53
724 39 42
725 29 18
728 30 33
729 22 36
730 11 38
731 49 35
733 18 45
734 23 44
735 27 38
736 33 38
737 3 62
738 31 42
742 47 13
743 19 70
744 55 10
745 37 7
749 13 42
750 8 42
753 30 40
754 10 13
755 28 37
757 40 15
758 41 48
759 42 54
760 39 54
761 18 38
762 19 56
763 16 66
765 30 3
772 59 41
773 17 10
775 19 9
777 60 40
778 64 36
780 57 41
781 59 42
782 49 52
783 58 42
785 40 50
786 44 59
787 48 57
789 35 7
790 0 70
795 31 17
798 55 47
799 62 46
800 59 46
801 57 43
802 62 45
803 60 46
804 61 46
805 22 23
807 45 18
809 7 44
810 40 62
811 20 59
814 56 31
816 21 53
817 26 52
818 27 24
819 9 35
820 39 65
821 28 38
822 1 23
823 43 57
824 7 42
825 28 55
827 53 39
828 46 66
830 32 18
831 11 47
832 1 60
833 15 11
834 56 29
835 49 34
837 10 15
838 30 27
839 68 31
840 59 28
841 56 45
842 51 42
844 19 30
845 42 9
846 23 68
848 29 9
850 19 20
851 54 32
852 61 64
853 17 53
856 40 20
858 43 50
859 41 55
860 47 50
861 62 43
865 44 46
869 27 47
870 55 26
872 15 42
873 38 14
875 23 38
876 23 52
877 47 40
878 47 39
879 42 14
881 53 29
882 54 30
883 55 30
885 55 31
888 34 68
891 26 60
892 32 35
893 51 10
895 17 40
896 23 28
898 56 41
900 23 43
901 20 42
902 14 38
903 30 35
904 30 31
905 23 65
907 58 33
908 25 56
909 21 63
913 26 3
914 25 11
915 21 2
916 40 14
917 25 28
918 34 57
920 59 2
921 26 23
922 17 31
923 31 6
924 44 35
926 61 34
927 30 16
928 47 36
929 21 15
930 30 17
932 61 65
937 59 8
940 41 51
941 38 53
942 42 48
944 43 33
945 43 55
946 31 48
947 44 50
948 28 28
949 30 45
950 35 40
954 34 40
956 42 50
957 20 36
958 23 35
959 16 36
960 22 37
963 7 33
964 25 39
965 25 35
966 48 51
968 29 35
971 42 34
972 43 34
973 42 35
975 48 38
976 15 38
978 31 40
983 37 8
984 32 40
985 30 37
986 30 38
987 26 40
992 56 26
993 2 13
994 15 50
996 36 43
997 30 42
998 29 41
n_n1004 16 21
n_n10192 42 31
n_n10209 39 31
n_n10230 49 27
n_n10247 45 25
n_n10267 57 28
n_n10282 57 31
n_n10284 61 33
n_n1030 20 12
n_n10321 49 28
n_n10338 47 32
n_n10359 45 30
n_n10376 47 31
n_n10396 62 28
n_n10466 60 27
n_n10491 63 33
n_n10521 61 28
n_n10546 61 31
n_n10568 58 32
n_n10590 58 35
n_n1063 29 25
n_n10646 65 28
n_n10671 65 33
n_n10700 62 31
n_n10728 60 33
n_n10795 35 25
n_n10796 34 29
n_n10809 43 26
n_n10820 44 27
n_n10835 48 28
n_n10846 45 28
n_n1085 53 61
n_n10869 59 34
n_n10896 45 32
n_n10907 48 31
n_n10922 44 32
n_n1093 53 57
n_n10933 45 29
n_n10947 62 29
n_n10957 63 32
n_n10998 57 29
n_n11017 58 27
n_n11041 58 29
n_n11060 57 27
n_n11092 56 36
n_n1111 48 62
n_n11136 63 29
n_n11155 66 33
n_n11178 64 29
n_n1119 37 65
n_n11200 63 34
n_n1125 50 53
n_n11269 50 32
n_n11282 49 18
n_n1131 41 68
n_n11316 22 53
n_n1139 49 54
n_n11446 33 51
n_n11454 35 61
n_n11457 34 56
n_n11466 34 51
n_n1147 39 55
n_n11474 26 61
n_n11477 34 61
n_n11484 36 55
n_n11492 34 55
n_n11514 30 54
n_n11522 32 62
n_n11525 40 67
n_n11534 29 56
n_n11542 32 48
n_n11545 38 52
n_n11552 36 46
n_n11560 35 47
n_n11584 33 58
n_n11592 29 61
n_n11595 34 54
n_n11604 29 51
n_n11612 34 52
n_n11622 36 49
n_n11630 37 48
n_n1165 40 60
n_n11652 30 51
n_n11660 37 58
n_n11672 30 58
n_n11680 36 52
n_n11683 36 61
n_n11690 37 51
n_n11698 37 46
n_n1173 44 62
n_n11833 26 6
n_n11836 2 58
n_n1185 69 31
n_n1187 47 57
n_n11960 67 48
n_n1201 42 47
n_n1203 46 49
n_n1207 52 60
n_n1209 52 61
n_n1213 47 46
n_n1215 55 66
n_n1219 55 63
n_n1221 54 57
n_n1229 48 58
n_n12303 7 21
n_n1231 49 58
n_n12373 34 45
n_n1243 47 45
n_n1247 51 50
n_n1249 49 62
n_n1253 45 46
n_n1255 56 58
n_n1259 46 53
n_n1261 38 64
n_n12619 43 32
n_n1263 42 51
n_n12637 58 70
n_n12638 34 3
n_n12641 12 40
n_n12648 46 41
n_n1265 55 52
n_n12655 28 67
n_n12659 45 39
n_n12673 46 42
n_n12683 43 39
n_n1269 48 52
n_n12706 44 39
n_n1271 49 53
n_n12726 46 44
n_n12736 42 39
n_n12760 45 40
n_n1277 65 61
n_n12773 50 41
n_n1283 44 54
n_n1285 57 59
n_n1291 48 54
n_n1295 49 45
n_n1297 53 65
n_n1301 49 63
n_n13028 46 43
n_n1303 43 58
n_n13066 1 16
n_n13092 27 6
n_n1311 47 59
n_n1313 47 61
n_n1323 42 45
n_n1325 42 46
n_n13271 55 41
n_n1331 41 60
n_n1335 45 59
n_n1337 46 62
n_n13390 56 18
n_n1341 43 61
n_n1343 43 62
n_n1345 43 45
n_n1347 53 47
n_n1351 41 44
n_n1353 32 44
n_n13546 52 32
n_n13566 55 35
n_n1359 8 59
n_n13600 51 32
n_n13618 57 36
n_n1367 44 52
n_n1371 64 40
n_n13789 43 37
n_n13959 68 3
n_n1402 52 42
n_n1410 49 33
n_n1423 45 61
n_n1426 60 38
n_n1427 53 43
n_n1434 53 44
n_n1442 48 55
n_n1459 44 56
n_n1462 68 37
n_n1463 51 45
n_n1470 51 43
n_n1491 50 62
n_n1494 60 66
n_n1495 51 46
n_n1502 53 46
n_n1510 48 53
n_n1529 52 39
n_n1555 50 57
n_n1566 48 43
n_n1587 59 4
n_n1593 56 62
n_n1596 49 49
n_n1616 41 49
n_n1620 54 38
n_n1621 52 43
n_n1649 50 61
n_n1653 54 43
n_n1685 45 52
n_n1689 55 37
n_n1690 51 44
n_n1718 42 56
n_n1721 54 36
n_n1722 52 47
n_n1752 42 52
n_n1753 61 43
n_n1787 49 48
n_n1795 49 50
n_n1821 40 54
n_n1823 67 47
n_n1856 43 54
n_n1858 45 50
n_n1859 44 47
n_n1905 53 58
n_n1906 53 41
n_n1907 54 61
n_n1908 53 51
n_n1922 63 39
n_n1938 58 40
n_n1956 45 57
n_n1957 53 40
n_n1992 59 40
n_n2007 42 59
n_n2009 53 63
n_n2010 54 47
n_n2023 61 40
n_n2039 58 41
n_n2097 45 54
n_n2099 56 42
n_n2100 60 41
n_n2142 43 52
n_n2143 56 61
n_n2144 64 50
n_n2176 40 48
n_n2179 52 45
n_n2180 54 49
n_n2226 40 58
n_n2228 52 46
n_n2229 53 49
n_n2277 48 60
n_n2280 57 60
n_n2281 48 46
n_n2327 42 61
n_n2332 51 53
n_n2333 50 51
n_n2388 57 38
n_n2404 50 38
n_n2432 55 42
n_n2466 56 32
n_n2481 65 56
n_n2483 0 38
n_n2484 38 43
n_n2498 28 12
n_n2544 43 9
n_n2546 70 54
n_n2702 63 67
n_n2703 6 7
n_n2715 22 25
n_n2920 8 1
n_n2921 4 4
n_n2933 14 20
n_n3014 42 11
n_n3016 41 15
n_n3302 22 6
n_n3303 7 6
n_n3322 9 21
n_n3341 10 59
n_n3347 23 42
n_n3428 27 59
n_n3509 37 38
n_n3510 39 40
n_n3520 17 37
n_n3682 37 37
n_n3693 16 43
n_n3838 25 45
n_n3839 27 58
n_n3990 37 39
n_n3991 39 39
n_n3997 24 17
n_n424 6 45
n_n429 19 22
n_n430 20 21
n_n434 37 19
n_n4412 58 58
n_n4421 56 48
n_n4433 54 56
n_n4441 56 49
n_n4451 52 54
n_n4459 53 52
n_n4473 51 47
n_n4481 56 52
n_n4489 63 48
n_n450 9 22
n_n4501 55 57
n_n4509 52 51
n_n4519 53 54
n_n4527 53 53
n_n4541 32 14
n_n4543 48 56
n_n4551 57 58
n_n4559 55 48
n_n4571 54 55
n_n4579 54 51
n_n4589 52 55
n_n4597 52 57
n_n4611 51 55
n_n4619 56 51
n_n4639 54 58
n_n4647 52 52
n_n4657 36 57
n_n4688 28 32
n_n4697 17 19
n_n4707 41 16
n_n4709 43 13
n_n4717 10 20
n_n4760 44 36
n_n4814 50 18
n_n4834 46 55
n_n4877 49 20
n_n4943 31 5
n_n5453 34 4
n_n5468 12 39
n_n5481 16 34
n_n5514 60 53
n_n5574 59 52
n_n5604 61 53
n_n5610 53 38
n_n5621 62 50
n_n5644 61 51
n_n5660 61 50
n_n5713 62 53
n_n5729 61 52
n_n5752 62 52
n_n5768 62 51
n_n6064 18 35
n_n6358 61 36
n_n6408 29 32
n_n6545 37 66
n_n6696 19 31
n_n6697 20 31
n_n6710 51 16
n_n6741 2 20
n_n6909 39 36
n_n6910 39 37
n_n695 32 20
n_n7000 24 54
n_n7001 23 49
n_n7082 37 36
n_n7083 38 36
n_n7390 38 37
n_n7391 38 38
n_n7397 23 18
n_n7399 21 21
n_n7400 22 27
n_n755 6 22
n_n7702 20 53
n_n7804 36 37
n_n7805 36 36
n_n7808 52 27
n_n7816 61 18
n_n7825 53 19
n_n7837 58 22
n_n7845 67 24
n_n785 26 19
n_n7855 47 14
n_n7877 63 35
n_n7885 54 14
n_n7893 46 16
n_n7905 60 17
n_n7913 58 14
n_n7923 48 14
n_n7931 48 18
n_n7945 31 16
n_n7947 62 56
n_n7993 52 24
n_n8001 51 25
n_n8015 62 54
n_n8061 52 25
n_n8069 48 24
n_n8097 24 32
n_n8098 25 33
n_n8101 14 23
n_n8104 0 40
n_n8106 22 13
n_n8112 20 10
n_n8118 65 12
n_n8169 46 18
n_n8180 36 16
n_n8223 50 19
n_n8243 68 20
n_n8286 42 21
n_n8340 47 11
n_n8352 55 25
n_n876 25 22
n_n8862 56 25
n_n8876 14 36
n_n8877 21 41
n_n8905 54 24
n_n8913 52 22
n_n8924 56 20
n_n8930 60 36
n_n8932 61 25
n_n8948 53 23
n_n8956 50 23
n_n8968 53 24
n_n8976 52 21
n_n8987 55 20
n_n8994 57 25
n_n9027 62 27
n_n9043 57 26
n_n9064 62 26
n_n9080 59 26
n_n9093 61 37
n_n9141 58 26
n_n9157 61 27
n_n9194 61 26
n_n9245 68 18
n_n9294 57 33
n_n9296 40 17
n_n9302 48 35
n_n9304 45 34
n_n9399 12 31
n_n9516 19 33
n_n9587 31 25
n_n9618 23 14
n_n9647 30 25
n_n9650 20 56
n_n9665 35 24
n_n9680 42 19
n_n9694 46 33
n_n9709 37 28
n_n9725 37 30
n_n9740 36 28
n_n9754 34 28
n_n9769 36 29
n_n9772 33 29
n_n983 17 12
n_n9894 30 24
n_n9895 27 32
n_n9916 58 31
n_n9921 46 35
ni2 27 20
ni3 13 55
nv10056 28 17
nv10068 38 7
nv10082 26 16
nv10086 21 27
nv1009 38 46
nv10099 26 34
nv10126 21 11
nv10130 25 20
nv10135 18 29
nv10143 14 56
nv10153 8 13
nv10156 9 38
nv10162 27 13
nv10167 12 42
nv10169 28 4
nv10172 11 30
nv10174 13 23
nv10178 16 31
nv10187 12 7
nv10222 14 13
nv10237 18 21
nv10247 15 56
nv10258 68 44
nv1030 38 51
nv10316 13 56
nv1052 37 52
nv10727 34 11
nv1073 29 59
nv1096 36 58
nv1117 31 50
nv1138 32 46
nv1162 37 47
nv1183 36 47
nv1205 35 52
nv1226 29 52
nv1249 28 61
nv1270 34 59
nv1316 35 45
nv1337 35 46
nv1359 33 48
nv1380 28 57
nv14 41 27
nv1403 32 63
nv1424 29 54
nv1445 27 48
nv1469 35 54
nv1512 34 62
nv1533 34 53
nv1556 33 61
nv1577 33 49
nv158 54 34
nv1598 25 55
nv16 42 27
nv1620 2 34
nv163 56 34
nv166 59 33
nv181 39 38
nv197 40 38
nv2 43 24
nv2066 70 58
nv209 51 30
nv212 53 32
nv2190 57 35
nv2193 39 29
nv2216 46 26
nv2231 41 25
nv2235 44 23
nv2241 59 35
nv2252 36 24
nv2256 43 31
nv2272 37 29
nv2276 41 28
nv2290 41 22
nv2294 67 18
nv2309 38 24
nv2313 51 29
nv2314 47 29
nv2330 53 27
nv2334 50 34
nv2340 33 28
nv2344 55 28
nv2348 50 33
nv235 50 35
nv2355 38 29
nv2359 44 25
nv2373 34 25
nv2377 46 24
nv2393 48 12
nv2397 43 19
nv2411 42 17
nv2415 42 26
nv243 38 23
nv2430 42 29
nv2434 49 30
nv2448 39 17
nv2458 45 17
nv2462 46 27
nv2469 42 23
nv2473 44 29
nv2478 37 26
nv2482 44 31
nv2489 40 27
nv2493 43 29
nv2498 54 18
nv2502 67 20
nv2508 50 28
nv251 36 11
nv2520 41 20
nv2524 47 27
nv2530 34 14
nv2534 47 28
nv2545 44 28
nv2550 46 23
nv2554 46 28
nv2561 43 18
nv2565 43 28
nv2570 41 26
nv2574 43 27
nv2580 49 25
nv2602 60 29
nv2605 39 28
nv2627 45 27
nv2641 40 32
nv2647 59 32
nv2668 38 30
nv2694 40 33
nv2718 47 33
nv2743 48 29
nv2748 40 22
nv2766 39 26
nv2770 62 30
nv2773 46 29
nv2786 58 30
nv2793 47 30
nv2807 45 16
nv2831 44 20
nv2857 40 30
nv2881 36 23
nv2906 48 27
nv2907 53 26
nv2911 43 23
nv2930 56 30
nv2933 38 17
nv2946 46 30
nv2949 37 20
nv2963 45 31
nv2978 44 30
nv2995 41 32
nv302 40 13
nv3026 43 25
nv3044 46 31
nv3060 53 30
nv3063 37 27
nv3077 45 24
nv3092 44 24
nv31 41 30
nv3109 40 31
nv3124 41 31
nv3140 47 26
nv3156 22 26
nv3163 29 33
nv3187 22 29
nv3194 27 12
nv3202 30 23
nv3214 32 26
nv3245 32 30
nv3252 22 8
nv3260 32 24
nv3273 22 11
nv3280 32 9
nv3304 22 30
nv3311 32 31
nv3319 31 23
nv3362 29 29
nv3369 27 33
nv3377 32 23
nv345 35 21
nv349 0 22
nv354 64 43
nv363 64 46
nv3672 19 34
nv3901 20 41
nv3912 21 16
nv3916 53 33
nv3918 57 32
nv3927 62 37
nv401 59 29
nv4045 65 26
nv406 63 36
nv4172 57 20
nv4198 51 20
nv4234 57 23
nv4242 57 22
nv4252 51 22
nv4260 51 21
nv4284 44 1
nv43 42 30
nv4301 9 52
nv4311 45 8
nv4319 37 6
nv4355 24 66
nv4363 0 50
nv4373 67 13
nv4381 14 6
nv4389 11 23
nv4401 54 10
nv4409 56 68
nv4418 12 57
nv4426 0 43
nv4436 44 21
nv444 59 37
nv4444 11 29
nv4452 39 59
nv4480 9 51
nv4488 4 50
nv4498 68 19
nv4506 29 1
nv4514 27 62
nv4537 43 1
nv4545 7 22
nv4552 6 55
nv4561 43 0
nv4568 47 10
nv4575 3 51
nv4600 10 57
nv4607 5 43
nv4616 70 14
nv4623 31 2
nv4630 13 24
nv4641 47 8
nv4648 53 11
nv4656 12 51
nv4663 13 50
nv4679 18 7
nv4711 9 49
nv4718 3 49
nv4727 64 22
nv4734 19 0
nv4741 26 57
nv4833 17 28
nv4932 47 4
nv4942 17 9
nv525 42 42
nv5285 64 11
nv5287 16 9
nv539 67 42
nv5493 6 59
nv5499 5 45
nv5548 1 33
nv5590 11 44
nv5596 1 51
nv5843 16 25
nv5862 16 32
nv5867 25 8
nv59 42 15
nv590 66 42
nv5906 6 51
nv5954 15 66
nv6010 2 56
nv6017 2 35
nv6072 5 48
nv6104 26 9
nv6110 25 23
nv6146 16 28
nv624 43 40
nv6289 16 29
nv633 48 30
nv6425 43 64
nv6428 26 2
nv644 50 42
nv6450 0 42
nv6459 24 14
nv6462 58 43
nv6472 61 47
nv6486 52 48
nv6576 58 39
nv658 42 62
nv6589 57 37
nv662 38 57
nv666 51 40
nv667 52 44
nv6789 2 64
nv679 48 61
nv6797 0 60
nv6806 6 40
nv6814 23 53
nv6824 68 14
nv683 46 47
nv6851 33 67
nv6859 67 38
nv6868 6 47
nv687 49 42
nv6876 13 59
nv69 52 36
nv6902 13 5
nv6914 26 63
nv6922 30 70
nv6931 18 67
nv6939 41 64
nv6949 48 21
nv6965 51 58
nv6976 58 62
nv699 54 67
nv6993 22 54
nv7001 28 58
nv7011 52 65
nv7019 63 56
nv7027 23 58
nv7050 24 65
nv7058 5 47
nv7065 9 56
nv7074 67 22
nv708 50 40
nv7081 42 18
nv7088 10 36
nv7098 32 69
nv7105 66 66
nv7113 1 53
nv7120 10 56
nv7136 32 4
nv7143 14 1
nv7154 22 66
nv7169 20 69
nv717 49 12
nv7176 18 58
nv7185 70 31
nv7192 54 12
nv7199 42 60
nv7209 67 62
nv7216 52 63
nv7224 24 56
nv7231 33 65
nv7240 50 63
nv7247 65 63
nv7254 22 59
nv726 49 43
nv7346 15 27
nv735 37 68
nv740 47 47
nv7445 66 21
nv7447 30 14
nv7451 16 35
nv750 44 49
nv758 50 44
nv7647 15 10
nv7650 12 32
nv779 55 65
nv7791 8 45
nv7794 15 35
nv78 54 35
nv787 46 38
nv7952 13 40
nv7958 24 46
nv797 45 56
nv8006 11 55
nv801 46 51
nv8049 26 50
nv805 47 37
nv8055 20 48
nv8103 11 56
nv817 47 53
nv821 33 62
nv826 46 39
nv835 28 54
nv8350 17 26
nv8369 14 26
nv839 35 56
nv8402 12 47
nv8409 19 42
nv844 46 37
nv8464 18 54
nv8513 19 49
nv853 27 53
nv8575 17 55
nv858 47 41
nv8605 14 44
nv8608 37 22
nv8628 11 41
nv8633 12 19
nv869 46 52
nv873 45 47
nv883 43 43
nv890 41 59
nv8909 18 26
nv8919 23 13
nv894 45 45
nv899 46 58
nv9029 55 38
nv903 46 45
nv9031 57 34
nv9048 66 37
nv9050 60 39
nv9082 56 38
nv9098 64 37
nv910 46 63
nv914 44 41
nv9145 61 39
nv9189 61 42
nv919 40 42
nv923 45 42
nv9262 64 39
nv928 49 51
nv9285 58 37
nv9297 61 38
nv938 50 56
nv942 45 49
nv9492 57 39
nv952 45 48
nv959 64 65
nv963 39 5
nv968 44 53
nv972 46 46
nv979 41 62
nv988 37 56
nv992 45 41
nv9968 24 27
nv997 25 52
p_cmndst0p0 40 44
p_cmndst1p0 64 33
p_cmnxcp_0 39 24
p_cmx0ad_0 32 67
p_cmx0ad_12 31 12
p_cmx0ad_15 26 12
p_cmx0ad_16 5 31
p_cmx0ad_19 3 66
p_cmx0ad_20 5 50
p_cmx0ad_22 13 21
p_cmx0ad_23 5 38
p_cmx0ad_28 5 18
p_cmx0ad_30 14 69
p_cmx0ad_5 23 70
p_cmx1ad_15 7 63
p_cmx1ad_18 70 29
p_cmx1ad_20 68 47
p_cmx1ad_22 70 45
p_cmx1ad_23 70 44
p_cmx1ad_27 70 46
p_cmx1ad_28 61 0
p_cmx1ad_30 60 62
p_cmx1ad_4 57 2
p_cmx1ad_5 70 12
p_cmx1ad_7 29 15
p_cmxig_0 25 34
p_cmxig_1 35 23
p_cmxir_1 20 1
