15923 7 1
15924 1 25
15929 30 29
15930 22 3
15935 4 28
15936 30 28
15941 2 16
15942 3 27
15947 1 26
15948 12 1
15953 6 6
15954 2 21
15959 31 32
15960 25 4
15965 27 34
15966 7 8
15971 28 1
15972 9 34
15977 7 26
15978 4 22
15983 1 22
15984 19 3
15989 8 31
15990 1 20
15995 9 7
15996 29 34
16001 4 5
16002 31 2
16007 6 28
16008 34 3
16013 31 4
16014 26 31
16015 30 30
16016 4 27
16018 30 32
16019 27 30
16020 1 21
16021 28 34
16022 27 31
16040 34 10
16048 14 1
16059 1 5
16126 1 24
16156 27 25
16173 26 25
16189 26 26
16208 32 6
16222 26 27
16255 28 24
16336 11 8
16338 27 24
16387 28 27
16388 12 6
16404 10 34
16438 28 26
16440 28 25
16465 0 25
16554 20 26
16600 27 26
16668 25 32
16766 24 28
2363 24 33
2373 2 6
2374 11 2
2375 14 6
2379 29 28
2381 14 17
2451 24 30
2460 18 22
2469 22 33
2471 24 22
2472 20 21
2474 19 8
2480 8 11
2485 6 4
2490 15 13
2492 29 14
2504 3 34
2508 12 19
2513 31 23
2517 28 21
2518 26 1
2522 6 35
2525 23 21
2529 30 21
2535 26 17
2542 8 9
2544 14 5
2548 35 30
2558 13 19
2564 11 20
2568 20 13
2571 30 31
2573 24 27
2580 18 14
2588 21 27
2590 22 24
2594 18 8
2607 30 26
2612 18 21
2615 3 32
2634 16 0
2641 35 28
2649 29 22
2657 9 11
2660 34 28
2675 12 20
2679 32 29
2683 34 5
2687 11 18
2697 6 23
2701 12 0
2703 23 13
2711 21 12
2715 27 35
2717 17 15
2722 5 15
2727 17 4
2731 3 0
2737 11 7
2743 10 6
2748 26 20
2763 13 33
2768 19 9
2773 30 22
2774 21 34
2776 23 10
2781 1 4
2782 25 9
2807 24 23
2811 4 33
2813 12 17
2824 32 20
2827 4 25
2835 17 8
2837 6 27
2841 5 14
2845 29 9
2855 1 1
2857 13 5
2871 17 11
2875 13 20
2885 11 17
2891 35 31
2897 31 31
2904 12 34
2909 26 21
2929 2 12
2932 24 7
2937 31 22
2942 24 8
2945 29 1
2953 19 13
2955 30 12
2958 25 22
2961 30 35
2965 3 25
2969 13 6
2976 23 11
2979 0 1
2981 25 27
2985 21 1
2988 30 4
2992 7 23
2994 9 6
3000 26 16
3019 24 26
3027 11 6
3037 25 12
3041 24 4
3051 23 22
3053 15 16
3060 22 12
3061 19 17
3074 25 20
3081 33 13
3085 14 34
3088 33 32
3101 18 1
3107 32 3
3113 13 7
3121 21 9
3125 14 0
3127 1 8
3129 10 7
3131 25 23
3158 3 14
3167 27 17
3192 24 32
3195 25 25
3212 26 22
3213 26 7
3219 20 11
3224 13 34
3227 22 11
3235 14 32
3247 18 18
3253 18 27
3257 21 31
3267 14 10
3277 22 29
3281 26 23
3283 15 7
3289 28 8
3299 3 15
3317 23 14
3321 4 2
3327 11 19
3331 3 13
3335 18 10
3346 14 3
3350 23 25
3352 2 8
3367 33 20
3371 14 33
3376 17 34
3378 22 14
3386 22 6
3388 13 0
3390 19 11
3414 27 16
3424 12 7
3446 25 21
3448 16 4
3450 18 9
3452 19 15
3456 31 33
3495 2 14
3501 23 12
3505 21 10
3521 14 7
3531 17 9
3535 18 16
3541 3 30
3550 6 17
3557 15 14
3567 14 20
3572 27 18
3575 30 23
3581 28 31
3590 5 13
3594 1 11
3606 17 33
3611 34 6
3614 17 17
3620 23 16
3622 8 0
3624 25 11
3633 29 26
3648 7 11
3670 25 24
3676 22 9
3678 12 2
3686 16 19
3694 15 0
3697 31 1
3700 11 0
3705 3 2
3713 21 18
3719 14 14
3725 29 8
3734 22 4
3737 31 20
3743 21 6
3762 4 13
3766 26 24
3773 31 25
3791 18 4
3799 24 9
3801 21 13
3811 2 1
3823 19 10
3833 12 8
3837 7 0
3843 0 6
3847 20 18
3853 9 0
3866 4 14
3876 23 6
3889 21 7
3892 21 8
3896 16 16
3902 24 24
3908 27 22
3928 2 15
3940 23 18
3942 3 20
3951 19 6
3968 25 1
3972 8 19
3978 10 5
3998 2 0
4002 6 32
4003 11 4
4007 31 34
4027 21 28
4041 0 19
4053 12 5
4085 19 14
4087 0 0
4091 8 6
4101 2 4
4103 23 9
4108 33 11
4113 20 0
4117 1 3
4141 26 12
4157 34 34
4163 35 24
4173 30 0
4193 11 5
4207 2 11
4213 20 9
4220 27 12
4234 27 1
4242 4 19
4248 23 7
4256 18 35
4261 22 1
4265 32 1
4280 27 10
4283 2 34
4290 10 0
4294 20 16
4296 29 12
4310 19 18
4316 1 0
4319 29 21
4322 19 16
4330 15 5
4354 11 35
4364 6 20
4388 22 25
4401 21 16
4424 12 4
4444 3 8
4468 32 23
4472 6 0
4475 20 23
4480 4 0
4496 25 10
4498 33 31
4505 24 21
4508 34 20
4520 24 10
4522 20 10
4544 9 19
4548 28 10
4620 22 15
4630 35 19
4634 30 9
4648 22 17
4650 10 20
4652 20 17
4654 10 9
4664 28 22
4760 21 23
4827 13 8
4843 13 18
4847 15 6
4851 19 1
4886 20 35
4899 34 17
4918 5 10
4927 3 28
4934 4 11
4948 32 14
4955 35 23
4956 35 26
4969 23 31
4997 7 9
5226 12 18
5245 21 3
5251 28 9
5276 8 7
5394 15 10
5403 18 20
5477 0 15
5521 30 34
n_n0 28 32
n_n1 34 32
n_n11 2 25
n_n6911 25 35
n_n6914 9 18
n_n6915 22 21
n_n6916 12 23
n_n6922 11 10
n_n6923 17 26
n_n6929 27 6
n_n6935 17 19
n_n6936 35 33
n_n6938 20 19
n_n6939 15 21
n_n6940 28 16
n_n6941 6 8
n_n6942 2 20
n_n6943 13 25
n_n6944 13 26
n_n6945 16 24
n_n6946 8 29
n_n6947 29 35
n_n6949 35 16
n_n6951 33 35
n_n6953 10 27
n_n6954 24 16
n_n6955 17 3
n_n6958 10 4
n_n6965 10 10
n_n6967 20 31
n_n6969 15 12
n_n6970 12 11
n_n6972 23 20
n_n6973 24 15
n_n6977 19 22
n_n6982 6 22
n_n6983 0 20
n_n6985 0 18
n_n6987 13 35
n_n6994 28 5
n_n6996 16 22
n_n6997 9 27
n_n6998 10 24
n_n6999 18 25
n_n7 23 33
n_n7000 4 31
n_n7002 7 35
n_n7005 19 24
n_n7006 7 13
n_n7008 11 30
n_n7009 30 6
n_n7010 18 12
n_n7012 25 0
n_n7014 20 7
n_n7018 35 6
n_n7023 35 35
n_n7025 12 35
n_n7029 24 19
n_n7032 0 33
n_n7034 9 16
n_n7036 13 27
n_n7037 16 23
n_n7039 22 7
n_n7040 13 13
n_n7046 29 7
n_n7049 5 35
n_n7051 0 24
n_n7058 17 24
n_n7060 12 14
n_n7061 16 15
n_n7064 35 0
n_n7066 16 21
n_n7067 23 5
n_n7071 24 6
n_n7077 23 32
n_n7080 18 17
n_n7084 15 8
n_n7085 16 18
n_n7086 23 23
n_n7087 16 20
n_n7091 18 29
n_n7092 10 19
n_n7094 25 31
n_n7095 29 30
n_n7096 15 2
n_n7097 14 16
n_n7100 10 21
n_n7103 13 16
n_n7109 8 12
n_n7113 27 11
n_n7114 10 29
n_n7116 0 7
n_n7118 17 12
n_n7122 10 12
n_n7125 14 21
n_n7135 29 16
n_n7139 4 34
n_n7141 11 23
n_n7142 9 30
n_n7143 14 28
n_n7145 0 27
n_n7149 22 35
n_n7153 0 3
n_n7158 30 5
n_n7165 13 22
n_n7166 26 5
n_n7169 17 16
n_n7171 17 10
n_n7175 18 0
n_n7180 0 34
n_n7182 0 4
n_n7184 22 26
n_n7186 23 19
n_n7188 21 4
n_n7191 17 28
n_n7192 20 32
n_n7199 33 26
n_n7200 17 14
n_n7201 17 13
n_n7204 26 9
n_n7208 9 35
n_n7210 14 13
n_n7211 12 22
n_n7212 28 12
n_n7213 11 9
n_n7214 19 5
n_n7215 20 5
n_n7219 13 24
n_n7220 14 30
n_n7221 13 28
n_n7222 14 29
n_n7223 15 30
n_n7224 15 28
n_n7229 17 20
n_n7232 35 9
n_n7233 11 16
n_n7235 9 15
n_n7240 11 13
n_n7241 35 15
n_n7243 34 35
n_n7245 35 17
n_n7249 14 24
n_n7250 14 22
n_n7253 25 13
n_n7257 12 15
n_n7260 32 0
n_n7263 13 30
n_n7264 15 24
n_n7265 13 21
n_n7266 27 3
n_n7268 15 27
n_n7275 35 27
n_n7285 32 35
n_n7290 25 28
n_n7297 23 15
n_n7299 7 24
n_n7303 21 14
n_n7304 8 14
n_n7309 25 26
n_n7311 7 15
n_n7314 0 16
n_n7323 25 17
n_n7326 15 15
n_n7329 0 17
n_n7333 24 5
n_n7335 19 0
n_n7337 27 23
n_n7339 8 24
n_n7340 10 31
n_n7348 11 11
n_n7349 14 18
n_n7351 19 31
n_n7353 28 14
n_n7357 6 30
n_n7369 18 32
n_n7370 17 25
n_n7372 29 6
n_n7380 35 21
n_n7383 28 20
n_n7385 31 13
n_n7386 35 7
n_n7404 14 27
n_n7405 13 32
n_n7406 15 22
n_n7407 16 26
n_n7408 8 35
n_n7410 1 12
n_n7412 9 25
n_n7414 35 4
n_n7416 21 30
n_n7421 12 32
n_n7432 21 26
n_n7438 22 10
n_n7439 26 32
n_n7445 30 13
n_n7460 15 9
n_n7466 28 35
n_n7471 26 19
n_n7486 26 13
n_n7490 0 26
n_n7492 15 35
n_n7494 26 11
n_n7495 8 30
n_n7496 11 32
n_n7501 21 19
n_n7502 16 9
n_n7506 0 8
n_n7508 8 13
n_n7515 23 1
n_n7516 20 25
n_n7517 21 25
n_n7525 30 19
n_n7526 17 6
n_n7529 28 0
n_n7532 22 5
n_n7535 25 33
n_n7538 26 30
n_n7544 22 22
n_n7548 9 3
n_n7555 0 22
n_n7559 24 14
n_n7560 8 5
n_n7564 16 27
n_n7566 24 25
n_n7573 13 9
n_n7574 16 35
n_n7585 27 0
n_n7587 22 13
n_n7589 15 20
n_n7590 19 28
n_n7591 20 29
n_n7593 11 15
n_n7613 7 28
n_n7614 25 6
n_n7616 10 23
n_n7618 30 7
n_n7621 34 29
n_n7631 26 8
n_n7632 10 11
n_n7633 17 0
n_n7634 10 35
n_n7637 26 34
n_n7639 14 23
n_n7646 27 14
n_n7647 19 12
n_n7648 16 14
n_n7658 35 14
n_n7662 10 16
n_n7669 20 8
n_n7671 23 26
n_n7675 15 11
n_n7676 9 20
n_n7680 24 12
n_n7690 35 11
n_n7698 35 25
n_n7705 11 25
n_n7716 0 2
n_n7718 16 8
n_n7719 28 13
n_n7727 22 18
n_n7731 13 29
n_n7733 14 26
n_n7745 10 22
n_n7747 27 29
n_n7750 25 29
n_n7753 10 17
n_n7778 30 20
n_n7796 2 23
n_n7797 35 20
n_n7799 6 18
n_n7805 8 27
n_n7818 30 10
n_n7828 29 32
n_n7830 12 27
n_n7832 12 26
n_n7838 12 13
n_n7839 14 15
n_n7840 23 29
n_n7868 20 15
n_n7869 31 10
n_n7872 4 15
n_n7883 35 22
n_n7891 13 4
n_n7893 0 14
n_n7895 24 17
n_n7897 29 13
n_n7899 26 10
n_n7904 35 8
n_n7916 12 12
n_n7917 9 22
n_n7919 10 30
n_n7924 13 23
n_n7939 4 16
n_n7943 34 0
n_n7958 23 0
n_n7972 23 24
n_n7977 0 9
n_n7979 12 24
n_n7982 5 0
n_n7984 7 5
n_n7987 19 30
n_n7989 19 25
n_n7992 20 6
n_n7996 16 10
n_n7998 15 34
n_n8013 10 15
n_n8019 32 22
n_n8023 29 10
n_n8028 29 23
n_n8034 27 8
n_n8041 11 28
n_n8046 0 5
n_n8054 21 0
n_n8062 25 18
n_n8063 15 31
n_n8065 9 23
n_n8074 27 9
n_n8077 17 31
n_n8094 18 31
n_n8105 16 17
n_n8111 35 29
n_n8120 21 35
n_n8126 8 15
n_n8154 12 9
n_n8156 12 10
n_n8169 2 30
n_n8170 35 12
n_n8172 4 9
n_n8178 9 1
n_n8180 26 6
n_n8181 28 33
n_n8189 30 8
n_n8190 25 3
n_n8194 35 2
n_n8207 24 20
n_n8209 10 26
n_n8211 23 8
n_n8215 0 29
n_n8217 19 20
n_n8218 16 28
n_n8220 9 29
n_n8229 35 13
n_n8242 4 35
n_n8244 33 34
n_n8246 25 5
n_n8248 27 5
n_n8250 26 0
n_n8255 31 17
n_n8257 28 18
n_n8259 20 30
n_n8264 8 26
n_n8265 10 25
n_n8283 27 32
n_n8286 28 29
n_n8289 14 35
n_n8293 31 15
n_n8299 35 32
n_n8307 29 20
n_n8309 30 18
n_n8314 21 22
n_n8317 22 27
n_n8320 5 12
n_n8321 4 12
n_n8325 11 31
n_n8327 12 25
n_n8335 12 31
n_n8343 17 29
n_n8346 17 27
n_n8347 4 30
n_n8353 22 31
n_n8356 27 33
n_n8363 16 3
n_n8364 1 15
n_n8372 7 25
n_n8373 18 24
n_n8374 28 11
n_n8376 16 12
n_n8379 13 11
n_n8380 8 23
n_n8385 28 30
n_n8388 34 27
n_n8391 23 35
n_n8393 16 29
n_n8395 16 25
n_n8399 21 11
n_n8401 10 13
n_n8405 24 0
n_n8409 18 6
n_n8411 22 16
n_n8418 22 23
n_n8420 21 21
n_n8424 24 13
n_n8431 17 23
n_n8434 22 28
n_n8440 0 12
n_n8444 8 28
n_n8453 0 30
n_n8463 9 17
n_n8465 26 18
n_n8469 26 15
n_n8472 11 21
n_n8475 30 16
n_n8476 9 26
n_n8478 21 33
n_n8479 12 30
n_n8483 27 19
n_n8484 17 22
n_n8493 26 33
n_n8495 9 14
n_n8498 17 7
n_n8509 26 35
n_n8518 15 18
n_n8521 21 29
n_n8527 1 2
n_n8532 14 25
n_n8534 9 28
n_n8548 23 27
n_n8551 13 17
n_n8553 11 14
n_n8559 9 9
n_n8565 29 5
n_n8567 30 1
n_n8593 19 26
n_n8598 27 7
n_n8604 0 32
n_n8610 24 11
n_n8612 5 33
n_n8624 27 13
n_n8635 8 25
n_n8639 14 11
n_n8640 20 12
n_n8654 0 23
n_n8656 15 29
n_n8658 11 29
n_n8660 11 27
n_n8671 17 35
n_n8682 31 35
n_n8684 15 33
n_n8696 14 31
n_n8698 16 32
n_n8703 22 0
n_n8706 20 24
n_n8712 0 21
n_n8724 2 35
n_n8730 27 21
n_n8733 20 22
n_n8737 1 35
n_n8740 21 24
n_n8752 21 20
n_n8754 19 19
n_n8761 35 5
n_n8764 28 17
n_n8766 31 14
n_n8767 13 31
n_n8768 15 23
n_n8771 18 15
n_n8783 18 23
n_n8784 17 21
n_n8785 14 12
n_n8788 13 12
n_n8802 8 10
n_n8816 35 3
n_n8820 18 26
n_n8825 14 4
n_n8827 20 20
n_n8829 8 20
n_n8830 0 13
n_n8832 17 30
n_n8837 18 19
n_n8840 15 32
n_n8842 16 31
n_n8851 16 5
n_n8853 22 19
n_n8859 9 10
n_n8861 21 17
n_n8863 14 19
n_n8870 10 18
n_n8872 28 7
n_n8873 10 14
n_n8878 31 7
n_n8890 25 8
n_n8899 12 29
n_n8907 15 25
n_n8917 19 35
n_n8919 15 17
n_n8920 0 35
n_n8922 26 29
n_n8926 29 31
n_n8932 24 29
n_n8934 5 24
n_n8940 12 16
n_n8945 0 10
n_n8947 29 17
n_n8949 31 19
n_n8950 28 19
n_n8956 29 19
n_n8960 13 15
n_n8967 10 33
n_n8973 35 1
n_n8976 25 34
n_n8979 19 21
n_n8995 28 15
n_n8997 9 21
n_n8999 31 21
n_n9 13 3
n_n9001 25 16
n_n9005 35 10
n_n9014 21 5
n_n9018 22 20
n_n9032 28 6
n_n9035 29 11
n_n9037 20 27
n_n9038 18 30
n_n9058 8 22
n_n9060 9 24
n_n9063 16 30
n_n9065 10 28
n_n9074 25 14
n_n9076 15 19
n_n9079 18 13
n_n9080 11 22
n_n9084 29 0
n_n9086 25 19
n_n9090 11 26
n_n9091 12 28
n_n9103 30 15
n_n9107 23 17
n_n9109 19 7
n_n9140 23 4
n_n9149 22 32
n_n9156 22 8
n_n9158 11 12
n_n9185 18 28
n_n9188 20 28
n_n9206 12 21
n_n9207 8 16
n_n9218 29 18
n_n9220 24 18
n_n9227 31 0
n_n9234 30 17
n_n9236 29 15
n_n9240 30 11
n_n9246 24 34
n_n9250 16 13
n_n9256 19 29
n_n9258 13 10
n_n9285 26 14
n_n9287 18 5
n_n9293 28 23
n_n9305 3 35
n_n9307 14 9
n_n9326 13 14
n_n9328 35 34
n_n9330 6 21
n_n9367 27 15
n_n9372 0 28
n_n9385 14 8
n_n9389 3 12
n_n9409 4 29
n_n9415 19 27
n_n9443 16 34
n_n9445 24 35
n_n9447 22 30
n_n9454 8 21
n_n9472 18 11
n_n9474 1 14
n_n9478 3 11
n_n9504 9 31
n_n9511 19 23
n_n9517 18 7
n_n9519 25 15
n_n9521 15 26
n_n9524 11 24
n_n9527 17 18
n_n9529 0 31
n_n9543 31 18
n_n9551 5 32
n_n9562 21 15
n_n9565 20 14
n_n9567 16 11
n_n9577 5 3
n_n9579 35 18
n_n9610 9 13
n_n9614 30 14
n_n9622 25 7
n_n9625 27 20
n_n9639 24 31
nen3_2 32 26
nrq2_9 32 25
