1009 23 14
1011 22 17
1012 14 7
1024 9 17
1027 18 19
103 2 1
1033 4 3
104 24 1
1040 25 5
1067 20 9
1083 9 1
1087 16 7
1092 8 1
1096 13 17
1103 11 12
1108 23 19
1109 24 24
1115 0 18
1122 0 15
1130 24 19
1135 25 19
1139 11 21
115 8 25
1154 16 2
1169 19 0
1180 13 25
1183 22 19
1194 14 19
121 19 13
1217 4 13
1218 4 23
1229 6 13
123 1 16
1234 23 24
1235 15 8
1247 1 9
1249 10 4
1255 5 19
1263 9 9
1267 10 7
127 21 10
1272 5 20
1277 17 7
128 2 5
129 4 9
1290 16 9
1294 20 11
1297 14 1
130 4 6
1300 12 10
1301 5 22
1307 6 20
1314 18 17
1315 10 19
1317 20 19
1321 23 20
1326 21 13
1337 22 16
1340 12 15
1341 15 21
1343 16 20
1344 12 13
1346 16 21
1352 15 13
1355 19 6
1361 21 22
1362 18 2
1366 11 17
1375 10 17
1376 14 13
1385 7 15
1391 22 25
1393 2 21
1402 3 19
141 11 25
1418 22 14
1419 8 15
143 12 9
1433 15 12
1436 20 15
144 2 6
1440 15 10
1446 17 19
1453 10 15
1462 15 14
1466 15 11
1472 17 14
1481 13 4
1490 11 19
150 8 10
1500 16 15
1502 18 18
1528 13 9
1534 17 9
1537 0 7
1538 20 12
154 5 8
1542 1 10
1547 8 22
1552 19 17
1558 19 16
1569 20 4
1572 14 18
1574 25 11
1587 24 20
1611 19 15
1620 14 16
163 9 6
1635 5 2
1639 11 4
1647 7 11
1652 2 11
166 14 22
1661 9 15
1672 17 13
1684 11 7
1686 7 10
17 8 17
1702 5 3
1708 10 14
1713 5 10
1720 19 12
1763 18 14
1766 8 11
1776 25 25
1780 0 9
1798 0 20
1799 5 13
180 24 5
1803 0 21
1806 15 5
1820 23 6
1829 1 19
1838 8 8
1839 2 22
1841 12 12
1849 1 1
1850 20 2
1852 15 6
192 3 21
194 7 2
198 24 10
200 6 7
201 0 2
208 24 8
212 22 15
213 6 22
215 4 0
222 25 7
235 19 11
238 17 8
249 9 19
255 5 12
272 20 20
284 6 19
287 11 0
292 4 21
294 10 21
296 18 1
298 14 11
301 17 0
304 2 15
307 8 23
313 16 4
317 25 10
319 21 0
322 21 18
327 25 22
329 13 23
336 19 22
338 5 15
340 2 13
341 13 20
346 6 23
350 18 3
364 10 1
369 20 23
37 1 6
382 22 9
395 6 12
40 9 12
402 22 11
403 14 10
405 22 7
406 13 11
41 5 18
410 14 4
42 5 1
420 21 6
423 5 16
424 20 13
425 6 4
426 24 21
427 13 10
430 14 8
434 7 9
435 12 8
438 17 11
440 20 18
442 17 10
443 11 18
447 14 6
450 9 16
451 18 9
452 0 12
453 6 5
454 2 19
459 6 15
468 9 14
469 21 9
479 16 14
482 17 16
483 18 15
484 15 15
487 2 8
491 19 5
493 18 24
494 13 13
497 18 7
50 19 21
501 10 12
503 18 6
507 1 21
51 13 15
512 25 18
517 18 10
518 12 21
519 17 17
520 23 9
521 9 23
523 21 15
525 14 9
529 9 20
530 14 21
533 15 22
536 12 18
544 13 14
545 14 20
546 15 20
552 13 6
553 20 16
557 7 12
558 10 5
560 3 4
562 3 5
564 6 9
565 9 10
569 20 14
571 18 16
572 16 12
574 14 15
578 9 13
581 11 15
583 16 11
591 21 21
596 8 7
604 18 22
606 11 9
612 1 18
615 2 23
616 14 14
617 15 18
619 7 18
62 17 20
626 8 21
628 18 12
633 12 20
635 15 24
636 10 24
637 4 14
638 21 17
639 11 16
641 9 4
644 8 19
646 25 17
6475 15 16
648 14 12
6491 7 8
6504 2 17
6510 23 8
6515 1 20
6522 0 23
6527 13 8
653 14 5
6537 7 25
655 16 10
6555 13 18
6559 15 0
6575 3 20
6582 2 10
6584 9 7
6588 3 3
6593 19 8
660 3 14
6618 23 18
6624 10 22
6628 4 24
6643 10 11
6654 13 12
666 17 21
6660 20 8
667 17 12
6670 0 13
6672 19 9
6674 12 11
668 20 17
669 24 17
6708 7 6
671 14 17
6713 16 1
673 11 11
6731 16 19
676 6 16
6763 15 25
6772 11 14
6785 18 8
6788 0 16
68 21 16
680 7 1
6803 20 10
6806 7 13
683 11 5
6831 3 23
6837 9 25
6838 2 25
684 19 25
685 6 6
686 4 18
6864 13 2
6870 21 14
6876 7 22
6888 6 18
689 4 10
6899 10 9
69 19 14
6900 10 10
6902 15 9
6913 19 23
6914 10 6
6931 19 1
696 18 25
6961 19 20
6968 5 17
698 21 11
6994 20 24
6996 16 18
70 25 20
700 5 9
7001 12 16
7005 15 17
701 24 7
7027 8 13
703 5 7
7035 13 19
704 3 6
7042 13 7
7047 12 7
705 16 22
7057 19 19
7058 25 15
708 4 5
7084 13 21
7092 12 14
7104 23 21
7114 3 18
7127 13 3
7134 1 11
7146 7 19
716 3 15
7161 19 10
717 10 16
7183 9 22
7188 2 9
719 15 1
7199 18 4
7222 6 11
7226 11 20
723 16 13
7235 23 22
725 18 11
7251 7 7
7267 6 3
7269 12 2
7279 11 23
7287 25 23
7296 21 12
7297 7 14
73 19 18
7312 8 4
7318 23 23
7326 21 25
734 8 18
736 22 23
738 2 18
741 5 11
744 8 16
747 8 14
751 8 9
752 0 0
761 16 16
763 15 19
768 9 5
772 7 21
779 6 21
784 16 8
785 4 8
790 22 8
798 21 8
800 17 3
802 16 6
808 20 21
824 12 19
834 9 18
837 10 13
842 6 1
843 13 16
845 18 13
850 16 17
852 11 22
856 17 18
859 7 17
882 7 0
883 23 12
89 12 5
895 15 7
896 6 17
905 4 16
907 25 12
909 12 17
931 15 3
939 10 18
948 13 22
949 18 21
95 13 5
957 23 0
961 11 13
962 9 11
97 25 8
970 24 16
971 21 19
972 12 6
98 0 17
988 10 8
n_n1108 20 22
n_n1112 2 0
n_n1123 14 25
n_n1127 9 21
n_n1128 22 6
n_n1129 3 22
n_n1185 23 4
n_n1189 9 8
n_n1191 4 12
n_n1229 14 24
n_n1234 4 11
n_n1240 22 18
n_n1241 11 10
n_n1243 19 7
n_n1245 7 3
n_n1250 8 0
n_n1256 18 20
n_n1264 21 4
n_n1265 14 23
n_n498 22 13
n_n725 17 15
n_n861 16 0
n_n876 8 5
n_n877 1 17
n_n878 6 8
n_n910 7 4
n_n913 4 15
n_n965 8 3
n_n972 6 14
n_n976 10 20
n_n978 2 20
n_n981 1 4
