100 2 3
101 42 23
1011 16 47
1018 9 40
102 9 11
1060 27 41
1061 32 42
1062 43 33
1064 17 42
1069 32 14
1076 11 28
1079 28 28
1094 2 20
1095 34 12
1097 31 20
1101 35 20
1102 29 20
1113 45 31
1121 11 38
1132 33 41
1141 32 26
1149 42 30
1150 32 25
1156 15 38
1159 28 19
1163 10 38
1171 37 3
118 37 46
1181 47 3
119 34 23
1192 35 30
1194 27 11
1196 2 31
1198 27 47
1217 12 20
1230 30 36
1231 33 26
1237 27 39
124 16 46
1250 34 13
1251 10 12
1254 27 21
1259 25 34
1261 24 20
1264 3 26
1265 3 28
1291 4 7
1305 25 11
1311 25 15
1322 37 13
1327 11 31
1329 7 18
1333 13 36
1334 20 19
1340 38 16
1348 14 24
1349 24 16
135 36 36
137 39 26
1372 25 37
1378 20 45
1383 25 10
1387 13 17
1400 3 17
1413 34 20
1416 28 20
1423 36 44
1424 27 28
143 9 34
1439 9 21
1450 31 0
1463 20 22
1469 13 19
1475 11 27
1483 27 34
1488 30 27
1489 25 40
1491 26 23
1508 22 32
1514 31 32
1529 18 30
153 31 8
1530 28 41
154 21 17
1545 5 30
157 27 10
1594 19 15
1596 21 42
1597 20 41
160 44 23
1600 0 6
1606 43 26
1627 30 17
1637 18 43
1639 33 33
164 25 19
1641 17 34
1647 30 12
1648 14 25
165 30 18
1656 26 36
1657 26 32
166 27 8
1661 31 26
1662 34 24
1668 31 10
1669 47 47
1678 25 7
1682 27 24
1686 6 30
169 5 44
1693 26 37
1696 29 27
1699 17 8
1703 6 32
1707 8 29
1723 6 26
1730 14 28
1737 3 24
1753 0 14
1755 39 14
1773 47 20
1776 16 29
1777 6 47
1793 19 25
1794 14 41
1797 11 16
180 26 10
1803 30 41
1807 41 29
1813 27 25
1814 32 35
1819 13 16
1822 19 35
1836 23 42
1837 29 39
184 42 22
1843 7 29
1849 12 11
185 7 35
1868 10 22
1874 21 0
1878 14 15
1897 30 39
1898 22 41
190 40 44
1905 18 14
1910 25 42
1914 19 14
1918 17 22
19195 10 39
19208 44 5
19217 10 1
1924 12 14
19241 9 25
19243 41 45
19244 4 30
19249 4 17
19250 10 25
19260 11 24
19265 41 23
19267 37 1
19271 7 24
19279 4 35
19284 4 34
19307 4 37
19311 3 30
19313 7 27
19318 32 0
19327 10 24
19331 10 29
19334 38 27
19339 1 3
19348 18 0
19353 36 46
1937 26 27
19374 5 32
1938 23 43
19383 33 15
1939 23 28
19396 37 26
1940 18 9
19400 40 30
19402 9 0
19407 24 37
19417 24 31
19420 24 26
1943 18 12
19435 19 16
19442 32 8
19443 46 30
19447 35 19
19475 33 28
1948 20 35
19499 35 35
195 21 41
1950 21 21
19515 39 20
19516 25 12
19528 28 17
1953 16 36
19539 25 31
19548 15 36
19550 19 29
19568 13 35
19571 5 47
19575 41 3
19577 15 8
19582 16 22
196 1 12
19605 34 26
19610 6 25
19613 11 46
19633 9 28
19648 3 21
19661 19 11
19669 22 8
1968 29 15
19685 35 22
1969 29 14
19692 33 21
197 20 2
1970 32 24
19706 34 32
1971 32 23
19711 29 26
19713 47 26
19720 30 11
19725 29 18
19727 28 9
19732 26 12
19747 26 33
19753 25 25
19758 13 4
1976 9 19
1978 17 11
19801 21 16
19802 19 20
19807 29 17
19830 10 31
19831 6 27
19842 19 28
19848 47 14
19852 28 42
19855 35 33
19859 36 28
19864 22 12
19868 28 22
19893 24 29
199 40 20
19914 28 37
19921 38 31
19948 6 28
19949 5 31
19974 32 12
19977 29 9
19996 32 47
19997 33 47
200 28 12
20000 21 46
20012 9 31
20017 10 32
2002 16 6
20028 21 47
20038 26 19
20056 35 10
20075 25 20
20076 25 21
20081 21 20
20085 28 10
20087 38 45
20090 11 18
20101 24 34
20113 23 9
20121 40 27
20129 39 13
20136 10 23
20137 16 26
20153 21 29
20155 26 39
20161 17 37
20164 22 36
2019 17 23
20203 26 20
2023 8 22
20232 30 31
20248 38 28
20264 8 9
20273 37 19
20275 42 19
20279 37 23
20285 33 38
20290 31 39
20299 27 12
20309 20 15
20310 8 47
20323 37 28
20325 26 18
2034 25 39
20341 7 22
20347 31 37
20350 35 37
20356 42 20
20358 28 39
20364 23 35
20365 24 38
20369 23 16
20370 45 21
20379 31 27
20405 38 26
2041 17 38
20415 38 25
20419 35 29
20424 37 22
20434 18 23
20437 11 35
20449 39 23
20454 23 20
20455 27 19
20461 33 16
20463 43 29
20479 35 36
20490 31 38
20491 34 39
20492 29 25
20506 41 30
20510 40 24
20516 47 28
20520 18 27
20527 41 0
20532 17 3
20536 17 7
20559 21 24
2059 28 25
20593 42 37
20604 21 33
20608 34 21
20614 21 34
20616 35 14
2063 22 34
20658 18 28
20667 2 21
2067 26 35
20705 31 14
20712 17 31
2072 15 9
20722 26 9
20746 33 30
20751 26 25
20756 27 26
20758 18 40
20769 30 6
20776 39 32
20797 31 42
20798 14 32
208 43 16
20809 35 23
20817 33 14
2082 21 22
20827 37 20
20833 36 35
20840 41 41
20846 18 29
20858 28 40
20872 13 18
20874 40 47
20875 3 16
20883 14 30
20895 40 38
20898 32 28
20912 41 16
2092 12 36
20920 3 22
20931 28 13
20938 25 44
20942 0 5
20947 45 20
20950 45 28
20962 21 18
20971 18 18
20973 24 19
20981 23 29
20989 36 19
20996 13 5
21003 39 27
21013 34 19
21017 17 20
21022 11 25
21035 20 28
2104 31 23
21042 33 25
21054 37 37
21061 34 40
21076 15 22
21077 12 22
21089 34 8
21098 22 19
21110 19 26
21120 26 30
21134 23 31
21136 16 31
21148 13 32
21180 35 25
21191 37 24
21196 44 41
212 36 26
21204 24 35
21233 40 16
21243 35 13
21248 30 37
21253 38 29
21257 40 28
21266 36 25
2127 32 22
21271 41 44
21279 26 17
21288 16 17
21298 23 25
21303 16 25
21313 14 8
21332 23 32
21348 14 31
21350 17 46
21362 36 41
21379 34 46
2138 28 15
21390 11 12
214 6 12
21404 33 34
21427 10 40
21435 21 6
21445 12 47
21459 4 26
21466 23 13
21474 45 0
21478 19 37
21482 47 0
21491 30 38
21497 36 18
215 16 3
21500 17 27
21517 39 39
21521 13 0
21530 44 21
21537 22 25
21541 20 33
21561 39 37
21579 18 24
21586 12 18
21608 10 21
2162 17 41
21624 7 25
21627 47 6
21636 14 23
21639 13 24
21642 13 31
21643 17 24
21651 38 24
21655 17 43
21660 26 16
21663 19 23
21676 25 29
21681 36 14
21686 25 33
21687 28 16
2169 12 31
21690 25 22
21691 16 42
2170 15 35
21713 29 22
21723 2 4
21724 35 21
21726 40 3
21732 0 20
21741 27 14
21743 28 14
21744 16 24
21753 0 39
21756 18 5
21762 39 47
21766 26 8
21772 42 25
21781 24 12
21790 16 23
21805 14 40
21815 16 38
21823 23 27
21827 22 6
2183 0 42
21857 18 38
21884 25 41
21910 16 14
21918 38 21
21929 23 23
21938 21 13
21954 25 23
21959 16 15
21975 40 26
21984 21 28
21998 21 40
220 38 36
2200 18 37
22005 29 21
22017 32 37
22029 31 25
22048 35 8
2205 19 33
22050 18 32
22059 22 9
22066 24 17
22067 12 30
22090 16 7
22106 18 21
22115 16 37
22134 35 18
22140 30 22
22185 32 41
22211 36 30
22227 15 21
22231 5 3
22236 22 10
22249 19 8
2225 37 33
22282 7 9
223 43 40
22300 12 21
22309 20 24
22310 20 21
22315 18 39
22334 29 0
22335 15 30
2235 29 33
22363 17 0
2237 18 42
22380 20 37
22384 13 34
2239 36 33
224 30 8
2240 18 41
22404 10 10
22416 37 36
22426 11 10
2243 27 23
22438 22 26
22446 23 33
22456 33 4
22459 1 19
2246 28 7
22461 24 11
22471 5 6
22495 22 16
225 47 36
22518 8 24
22523 36 5
22538 26 47
22544 28 34
22552 24 32
22566 21 37
2258 20 14
22596 14 33
2260 34 29
22620 32 16
22631 15 42
2264 27 7
22648 16 41
2265 26 5
22670 13 25
2268 24 8
22680 44 34
22683 31 22
22698 17 40
227 34 18
22712 41 19
22722 27 20
22725 0 0
22742 23 6
22758 29 23
22766 37 43
22769 19 3
22778 41 36
22793 31 43
228 13 37
22812 33 22
22830 42 17
2291 25 8
230 19 38
2306 23 34
2308 32 36
2309 33 36
233 13 20
2345 24 33
235 1 32
2350 33 10
2354 21 15
236 37 11
2361 22 28
2364 14 11
2374 9 12
238 10 20
2398 27 38
2403 34 31
241 1 0
2425 12 24
2426 11 8
2428 11 9
243 10 15
2430 20 38
2436 21 39
2447 24 10
245 22 15
2457 34 10
2458 14 20
246 43 21
2465 20 32
2474 10 45
2478 22 30
2486 1 33
2496 28 8
250 11 29
2503 22 24
2508 26 28
2516 21 14
2526 29 37
2533 37 29
2534 31 16
254 3 4
2542 30 23
2550 20 9
2551 20 7
256 44 20
2572 11 15
2581 43 27
2593 35 32
2602 27 29
262 33 35
263 20 20
2631 15 37
2637 36 29
2640 33 29
2652 21 8
2659 38 35
2673 43 25
268 34 22
270 11 19
2704 22 23
2725 23 37
2726 29 29
274 38 39
2740 29 44
276 15 31
2776 35 28
278 6 43
2781 23 38
2798 39 17
281 36 20
2813 45 18
2822 45 39
2831 39 18
2839 45 35
2864 42 18
287 4 16
2889 23 40
291 36 23
2913 19 41
2917 25 27
292 32 20
2920 39 24
2928 13 10
2942 25 43
2943 7 19
2975 17 18
2981 9 22
2982 15 18
2999 19 39
300 40 1
3005 19 36
301 31 9
3012 15 11
3018 2 15
3032 20 39
304 32 21
305 32 19
306 9 33
311 20 8
317 14 19
3179 19 13
3186 15 10
3198 27 16
320 21 35
3211 21 43
3215 13 28
3219 21 44
3241 47 33
325 25 38
326 3 14
3262 45 26
3272 25 6
3277 0 35
3282 18 16
3283 21 11
3287 18 20
3288 18 6
3292 19 30
330 37 12
331 12 27
3316 14 13
3317 19 9
333 19 45
3340 0 47
3344 17 32
335 31 15
3370 21 45
3398 31 7
3416 32 34
342 6 14
3428 30 20
3432 21 12
3441 38 18
345 13 27
3452 35 5
347 0 3
3480 17 5
3496 29 19
3500 36 22
3510 18 19
3518 12 17
352 6 35
3520 23 21
3533 13 21
3551 20 40
3558 12 39
3563 5 15
3565 17 39
357 14 10
3572 43 24
3576 40 21
3577 41 24
3578 24 39
3588 17 14
3600 14 6
361 20 12
3612 18 13
362 20 10
3626 28 24
3627 34 14
3636 31 34
364 9 7
3642 38 22
3660 17 19
3661 16 19
3673 17 36
3674 17 35
368 24 23
3681 24 43
3682 21 25
3708 43 11
3733 9 29
3736 41 22
375 37 16
3754 23 17
3755 23 15
3771 14 26
378 15 32
3790 43 30
380 12 34
3800 44 26
381 23 36
383 24 18
3830 31 24
3831 24 14
384 7 23
3843 33 17
385 28 26
3852 25 14
3870 15 29
3884 29 30
389 2 14
3896 41 32
392 18 26
396 3 38
3975 16 12
3976 39 34
399 46 13
40 38 7
4016 36 34
4036 27 22
4044 34 35
405 16 33
407 27 15
4072 42 34
408 26 21
4080 34 25
4081 42 1
409 24 36
4100 44 33
411 45 32
4120 26 43
414 17 10
4166 8 17
4183 11 21
4196 38 14
4202 35 1
4234 7 31
4235 8 31
4248 42 24
4259 34 30
4264 42 29
4276 46 19
4285 16 34
4319 13 14
4322 47 18
433 12 0
4330 18 7
434 33 9
4344 17 16
436 29 16
4360 41 26
4391 15 16
44 47 2
4409 10 14
4414 42 16
4417 35 38
4423 27 18
444 33 11
4453 33 19
4463 41 14
4470 16 16
4472 17 30
4492 25 36
452 3 25
453 20 11
455 16 30
4557 27 40
4558 26 40
456 47 25
457 38 11
4573 34 34
4574 31 31
4587 14 39
4593 28 29
460 27 31
461 11 13
462 5 4
464 20 17
4655 9 24
4656 15 15
4679 43 20
4680 43 18
4684 39 22
469 22 42
4691 41 34
471 12 29
4720 10 16
4726 18 15
476 47 40
4766 29 24
478 20 36
479 10 41
4790 33 27
48 4 19
4807 27 9
481 24 41
4839 43 19
484 23 46
4845 43 28
486 31 19
4869 41 25
4870 40 18
4871 7 20
4882 6 44
4889 9 30
4890 0 33
4892 3 29
4899 7 28
497 17 44
4974 25 28
50 13 39
5013 36 31
503 5 33
5036 37 30
5047 26 26
5048 24 24
5054 27 36
5059 41 12
507 24 0
5076 45 29
5099 25 24
51 12 7
5115 34 15
5138 6 29
514 7 13
5140 7 32
5144 0 29
516 43 46
5161 40 19
5185 38 23
519 15 34
52 27 42
5215 19 19
5248 28 33
5262 29 42
529 16 8
5327 41 20
533 13 6
5336 31 29
5340 44 27
5341 44 19
5344 35 39
5347 40 12
5348 44 31
535 5 24
5356 14 16
5369 15 12
5371 29 8
5372 14 18
54 34 1
5413 3 0
5445 8 26
545 37 41
5457 4 31
546 44 24
5472 15 7
5478 17 9
548 23 12
55 13 22
550 32 13
5510 39 30
5515 37 31
5517 17 15
5565 14 14
5569 12 9
557 23 8
5588 39 25
559 17 26
5592 38 20
5596 18 33
56 16 39
5607 46 21
5613 39 15
5617 35 34
5637 32 18
5642 36 27
5657 35 27
5661 28 21
5699 31 30
57 23 14
571 39 21
5726 26 34
573 45 27
5750 43 23
5754 31 35
5778 36 24
579 35 12
5813 6 33
582 30 42
584 40 22
5844 6 23
5849 4 38
586 9 17
5875 10 28
5879 36 13
5885 19 32
589 33 39
5893 9 44
5900 35 0
591 33 37
5923 0 34
5936 23 3
5953 10 27
5973 3 27
5985 8 19
5988 34 9
5990 20 27
5999 38 3
60 5 23
6020 38 6
609 5 25
61 20 30
62 44 22
622 29 41
624 11 36
629 9 16
632 38 13
635 37 39
636 28 36
639 34 27
64 19 21
645 36 16
653 16 20
654 23 7
657 11 37
658 12 23
66 0 7
662 14 22
667 9 18
67 12 19
68 33 13
686 23 10
688 41 11
693 30 34
694 32 43
696 25 1
697 24 40
699 22 29
70 34 38
706 31 28
708 32 10
71 11 26
712 16 13
716 22 43
72 34 0
723 30 2
736 21 36
737 39 19
74 14 38
740 33 40
742 47 22
747 13 30
75 38 17
760 30 26
761 30 25
763 36 21
767 18 22
77 33 12
79 44 44
792 16 32
793 0 44
794 46 45
806 22 14
807 18 11
814 21 31
82 30 30
825 28 11
826 0 32
83 30 44
833 0 41
84 20 43
850 16 40
855 16 21
858 30 21
862 16 10
863 11 14
867 23 30
869 11 33
87 47 12
878 44 30
88 15 0
880 4 27
887 32 27
89 26 11
893 7 26
896 5 10
897 10 26
898 29 7
899 37 0
900 13 11
901 2 37
904 41 8
905 36 12
906 43 42
907 6 24
908 41 9
911 45 47
912 38 12
913 10 18
914 36 11
916 1 44
930 24 7
931 23 39
936 21 2
938 8 30
939 34 47
943 21 3
955 42 32
957 15 19
96 16 11
976 35 24
983 25 32
988 18 31
99 22 5
990 23 19
992 31 33
998 22 31
n_n10 29 4
n_n102 15 26
n_n105 15 6
n_n106 44 28
n_n107 28 38
n_n108 43 36
n_n1089 29 45
n_n109 21 26
n_n1092 30 13
n_n1097 7 16
n_n11 38 19
n_n110 29 47
n_n1101 14 3
n_n1108 23 18
n_n1109 35 11
n_n111 34 44
n_n1111 30 15
n_n112 26 38
n_n1120 24 15
n_n113 11 11
n_n1142 24 42
n_n1151 25 18
n_n1152 42 11
n_n12 36 32
n_n1212 24 9
n_n1215 31 41
n_n1240 25 17
n_n1242 43 37
n_n1243 31 13
n_n1262 31 12
n_n13 36 17
n_n1320 24 28
n_n133 35 26
n_n1339 24 30
n_n1341 12 25
n_n135 4 32
n_n1356 40 15
n_n1359 25 9
n_n1370 26 15
n_n14 41 27
n_n143 8 27
n_n1433 22 40
n_n144 5 9
n_n145 42 21
n_n147 36 15
n_n1476 26 41
n_n148 33 20
n_n149 38 47
n_n1490 14 36
n_n15 40 29
n_n150 4 29
n_n151 43 34
n_n1536 32 33
n_n1542 19 34
n_n1584 20 25
n_n1591 20 26
n_n1597 21 23
n_n1598 25 13
n_n16 37 42
n_n1604 21 7
n_n1624 32 40
n_n1628 22 39
n_n1633 14 35
n_n1645 47 45
n_n1670 5 28
n_n1679 8 11
n_n1688 46 16
n_n1693 19 42
n_n1697 23 11
n_n17 22 38
n_n1703 19 22
n_n1705 28 5
n_n1709 37 27
n_n171 11 39
n_n1711 46 47
n_n1715 27 27
n_n1724 29 3
n_n1752 34 37
n_n1753 25 26
n_n1773 44 37
n_n1785 3 44
n_n179 9 10
n_n1792 31 36
n_n186 47 9
n_n197 0 31
n_n20 21 30
n_n200 16 27
n_n204 29 38
n_n206 42 31
n_n2060 44 16
n_n2062 41 15
n_n2086 47 24
n_n21 15 2
n_n2110 25 16
n_n212 13 38
n_n2140 19 24
n_n2155 39 28
n_n216 27 37
n_n22 18 35
n_n220 34 3
n_n222 45 11
n_n223 9 26
n_n226 8 13
n_n2272 32 38
n_n228 4 13
n_n236 37 15
n_n24 12 38
n_n240 14 29
n_n2440 39 33
n_n246 10 5
n_n2467 17 12
n_n25 12 37
n_n252 44 29
n_n256 44 40
n_n257 8 23
n_n2578 21 32
n_n2579 19 17
n_n258 2 26
n_n2599 18 34
n_n26 19 31
n_n2603 20 16
n_n2618 43 31
n_n263 25 0
n_n27 7 15
n_n2713 38 32
n_n2732 35 41
n_n2738 30 14
n_n2772 10 4
n_n2795 12 12
n_n2796 20 18
n_n28 12 35
n_n280 22 21
n_n2801 36 37
n_n2803 33 31
n_n2806 12 32
n_n281 1 40
n_n2817 40 34
n_n2820 26 31
n_n2821 22 37
n_n2830 29 35
n_n2832 26 22
n_n2840 41 21
n_n2852 18 10
n_n2860 23 41
n_n29 25 30
n_n2926 31 40
n_n2986 17 25
n_n30 12 33
n_n3099 27 17
n_n31 13 33
n_n3109 12 13
n_n3116 40 35
n_n3121 10 19
n_n3127 19 6
n_n3132 33 32
n_n3138 35 15
n_n3162 23 24
n_n3184 37 34
n_n32 24 13
n_n3221 14 27
n_n3229 34 41
n_n3242 11 23
n_n3257 11 22
n_n3259 22 18
n_n3260 15 20
n_n33 42 36
n_n3309 27 43
n_n333 46 2
n_n3367 32 17
n_n3369 43 32
n_n3371 13 7
n_n3372 15 28
n_n3378 40 33
n_n3380 32 32
n_n3385 33 24
n_n3390 29 10
n_n34 13 23
n_n3406 41 33
n_n3417 14 17
n_n3424 37 38
n_n343 35 16
n_n345 20 0
n_n349 22 33
n_n35 21 10
n_n3506 11 32
n_n3519 28 44
n_n3520 27 44
n_n3523 26 44
n_n3525 28 43
n_n3550 22 35
n_n3581 30 40
n_n3587 34 36
n_n3598 42 33
n_n36 10 13
n_n3610 30 43
n_n3615 19 27
n_n3625 28 45
n_n3626 41 17
n_n3629 35 40
n_n3630 44 32
n_n3631 27 35
n_n3634 41 18
n_n3637 41 1
n_n365 38 33
n_n3659 45 33
n_n3686 42 28
n_n369 10 9
n_n37 8 20
n_n3709 18 36
n_n3710 16 35
n_n3711 28 27
n_n3722 17 13
n_n3727 37 18
n_n3731 17 33
n_n3751 34 28
n_n3757 47 30
n_n3768 15 33
n_n377 10 8
n_n3770 21 27
n_n3772 26 29
n_n3778 19 18
n_n3781 13 12
n_n3782 15 14
n_n380 37 32
n_n381 19 2
n_n3827 32 39
n_n3843 19 7
n_n3864 47 27
n_n3870 16 28
n_n3884 17 6
n_n3896 43 2
n_n3899 19 40
n_n39 11 20
n_n3919 38 34
n_n3923 12 28
n_n3925 38 38
n_n3926 28 2
n_n3974 38 37
n_n3991 14 37
n_n4003 16 9
n_n4015 35 17
n_n407 32 6
n_n4076 8 25
n_n408 34 16
n_n4094 8 21
n_n41 46 4
n_n4124 7 17
n_n4154 37 35
n_n4160 44 17
n_n4165 29 40
n_n4168 21 38
n_n4174 23 22
n_n4179 22 7
n_n4186 18 25
n_n4197 24 25
n_n4199 29 32
n_n42 47 41
n_n4203 40 17
n_n4204 39 42
n_n4206 24 27
n_n4210 30 9
n_n4218 30 16
n_n4251 39 31
n_n4255 30 24
n_n429 27 13
n_n4303 29 11
n_n4306 40 23
n_n431 37 25
n_n4313 38 15
n_n4381 40 25
n_n4394 30 28
n_n44 12 16
n_n443 32 15
n_n4439 4 28
n_n4477 4 18
n_n4489 6 31
n_n45 15 25
n_n4530 29 6
n_n4531 32 31
n_n4532 43 22
n_n4535 28 32
n_n4536 27 30
n_n458 34 33
n_n46 14 7
n_n4605 41 28
n_n4628 13 40
n_n4632 20 29
n_n4633 17 28
n_n4635 18 17
n_n464 21 19
n_n4666 24 22
n_n4671 15 17
n_n4674 15 23
n_n4675 13 9
n_n4677 28 18
n_n4680 13 8
n_n4681 12 15
n_n4682 13 15
n_n4685 14 12
n_n4686 15 24
n_n4687 18 8
n_n47 14 9
n_n4704 5 22
n_n4725 5 27
n_n4729 40 42
n_n4730 27 33
n_n4732 24 21
n_n4733 15 40
n_n4736 38 30
n_n4744 8 28
n_n4770 30 10
n_n4781 39 35
n_n4807 32 29
n_n4808 40 37
n_n4809 32 30
n_n4814 40 31
n_n4815 41 31
n_n4816 2 0
n_n4823 41 35
n_n4826 40 32
n_n4828 24 44
n_n4846 23 26
n_n4852 15 39
n_n4864 26 24
n_n4870 22 13
n_n4871 28 23
n_n4892 39 16
n_n4895 39 29
n_n4898 35 31
n_n49 14 21
n_n4911 28 35
n_n4912 29 34
n_n4913 30 29
n_n4914 30 35
n_n4916 29 36
n_n4920 30 32
n_n4921 29 31
n_n4922 30 33
n_n4923 28 30
n_n4924 27 32
n_n4926 28 31
n_n4929 29 28
n_n4936 30 19
n_n4941 10 17
n_n4950 33 18
n_n4954 26 14
n_n4955 32 9
n_n4961 31 11
n_n4966 29 12
n_n4967 32 11
n_n50 42 0
n_n5009 9 27
n_n5020 17 29
n_n5048 5 19
n_n5053 15 27
n_n5061 17 21
n_n5062 11 45
n_n5063 17 47
n_n52 19 10
n_n5231 0 27
n_n54 34 17
n_n560 43 0
n_n5659 4 0
n_n5660 11 30
n_n5664 0 46
n_n5673 0 13
n_n5676 8 32
n_n5677 9 32
n_n5678 4 40
n_n5682 10 30
n_n5686 13 47
n_n5693 3 31
n_n5769 7 30
n_n5792 23 0
n_n5794 4 20
n_n5796 5 20
n_n5797 3 20
n_n58 31 18
n_n59 42 26
n_n60 37 14
n_n61 46 1
n_n618 26 13
n_n62 43 14
n_n63 34 11
n_n639 31 21
n_n64 44 25
n_n66 20 34
n_n67 26 42
n_n7 22 17
n_n71 20 42
n_n72 22 44
n_n73 22 27
n_n731 2 41
n_n74 13 29
n_n741 24 6
n_n745 11 1
n_n746 31 44
n_n75 12 26
n_n750 33 23
n_n756 22 11
n_n76 20 31
n_n762 25 35
n_n775 30 3
n_n78 11 34
n_n785 17 17
n_n79 39 2
n_n8 37 21
n_n80 10 34
n_n81 22 22
n_n819 9 20
n_n82 20 13
n_n824 31 17
n_n84 22 20
n_n850 29 13
n_n855 14 34
n_n86 8 18
n_n87 20 23
n_n876 29 43
n_n884 10 35
n_n89 15 13
n_n9 42 27
n_n90 11 17
n_n92 12 8
n_n93 13 13
n_n95 21 9
n_n952 16 43
n_n96 39 12
n_n97 14 5
n_n98 19 12
n_n99 16 18
