100 4 2
101 14 1
1011 0 42
1018 40 40
102 28 10
1060 32 25
1061 39 18
1062 43 29
1064 32 33
1069 28 27
1076 13 39
1079 20 46
1094 8 12
1095 19 44
1097 5 25
1101 2 24
1102 12 24
1113 34 5
1121 18 19
1132 5 30
1141 8 37
1149 23 34
1150 17 32
1156 22 18
1159 27 24
1163 0 22
1171 39 10
118 47 22
1181 39 0
119 10 27
1192 20 39
1194 28 18
1196 14 35
1198 4 13
1217 4 19
1230 10 29
1231 9 37
1237 28 38
124 39 7
1250 45 41
1251 37 6
1254 26 22
1259 21 24
1261 14 16
1264 9 42
1265 6 41
1291 23 4
1305 29 15
1311 29 18
1322 43 47
1327 12 32
1329 18 3
1333 23 9
1334 19 18
1340 8 47
1348 20 21
1349 33 14
135 38 47
137 24 33
1372 25 30
1378 46 18
1383 24 15
1387 15 17
1400 36 25
1413 5 23
1416 28 24
1423 22 38
1424 9 23
143 18 45
1439 26 9
1450 43 37
1463 8 22
1469 18 9
1475 9 36
1483 14 20
1488 17 25
1489 24 44
1491 8 21
1508 27 45
1514 17 33
1529 26 12
153 38 28
1530 10 28
154 16 8
1545 10 42
157 0 15
1594 28 11
1596 31 38
1597 29 30
160 32 35
1600 47 28
1606 35 29
1627 19 23
1637 33 43
1639 11 14
164 16 38
1641 23 21
1647 42 0
1648 24 21
165 12 11
1656 13 16
1657 6 32
166 34 10
1661 10 21
1662 7 25
1668 34 37
1669 47 12
1678 32 16
1682 22 35
1686 19 37
169 35 5
1693 7 28
1696 18 33
1699 35 15
1703 14 37
1707 22 42
1723 23 37
1730 19 8
1737 10 40
1753 0 29
1755 30 27
1773 13 47
1776 14 21
1777 47 43
1793 28 16
1794 24 31
1797 30 15
180 34 20
1803 24 40
1807 23 36
1813 22 28
1814 12 23
1819 15 12
1822 27 19
1836 34 32
1837 29 31
184 28 32
1843 15 42
1849 36 8
185 18 46
1868 33 12
1874 42 47
1878 19 17
1897 28 29
1898 24 41
190 7 0
1905 43 16
1910 26 43
1914 42 17
1918 36 20
19195 0 28
19208 1 44
19217 33 4
1924 14 10
19241 31 31
19243 8 29
19244 2 41
19249 34 25
19250 34 36
19260 28 23
19265 2 0
19267 20 7
19271 16 45
19279 41 37
19284 41 36
19307 5 36
19311 12 44
19313 15 43
19318 17 47
19327 26 23
19331 36 38
19334 26 40
19339 6 10
19348 2 17
19353 38 27
1937 23 13
19374 32 42
1938 27 46
19383 21 25
1939 25 26
19396 12 33
1940 29 7
19400 38 13
19402 46 4
19407 17 5
19417 13 24
19420 23 40
1943 42 16
19435 2 27
19442 34 16
19443 46 22
19447 35 28
19475 24 28
1948 24 18
19499 9 32
195 30 38
1950 24 7
19515 29 39
19516 39 19
19528 27 20
1953 25 15
19539 19 26
19548 16 26
19550 25 7
19568 16 34
19571 8 5
19575 30 4
19577 38 16
19582 37 17
196 12 4
19605 8 35
19610 6 39
19613 21 47
19633 17 39
19648 6 13
19661 31 8
19669 37 10
1968 24 12
19685 2 23
1969 42 27
19692 17 30
197 1 34
1970 9 12
19706 11 25
1971 7 11
19711 12 21
19713 15 6
19720 40 11
19725 17 18
19727 26 13
19732 42 20
19747 13 17
19753 44 25
19758 0 17
1976 31 10
1978 38 18
19801 29 14
19802 13 18
19807 17 23
19830 24 42
19831 26 36
19842 27 17
19848 40 47
19852 19 28
19855 11 33
19859 14 34
19864 38 21
19868 32 28
19893 16 24
199 32 38
19914 8 27
19921 24 38
19948 13 38
19949 15 38
19974 41 10
19977 34 6
19996 35 47
19997 36 47
200 0 14
20000 37 40
20012 22 44
20017 21 42
2002 38 14
20028 34 46
20038 39 28
20056 26 25
20075 23 24
20076 27 23
20081 30 21
20085 42 36
20087 19 47
20090 15 18
20101 16 33
20113 39 32
20121 14 28
20129 44 35
20136 32 12
20137 22 23
20153 23 23
20155 26 33
20161 22 11
20164 17 29
2019 35 21
20203 39 24
2023 26 11
20232 10 30
20248 13 41
20264 24 5
20273 35 27
20275 35 40
20279 37 32
20285 21 37
20290 33 31
20299 39 20
20309 41 23
20310 9 45
20323 13 40
20325 20 25
2034 28 26
20341 25 11
20347 0 1
20350 13 32
20356 25 39
20358 27 27
20364 18 29
20365 7 19
20369 34 23
20370 34 38
20379 25 46
20405 35 30
2041 22 21
20415 22 31
20419 20 40
20424 36 32
20434 25 22
20437 15 24
20449 37 34
20454 13 35
20455 37 24
20461 38 31
20463 23 47
20479 11 32
20490 25 28
20491 29 27
20492 33 25
20506 28 33
20510 40 14
20516 0 37
20520 15 22
20527 44 39
20532 12 8
20536 36 21
20559 27 7
2059 20 33
20593 46 32
20604 25 35
20608 20 29
20614 25 36
20616 45 22
2063 19 29
20658 14 23
20667 14 12
2067 29 21
20705 29 25
20712 15 36
2072 39 9
20722 30 10
20746 32 47
20751 44 24
20756 27 22
20758 15 37
20769 45 23
20776 19 34
20797 15 25
20798 19 20
208 21 46
20809 10 35
20817 21 30
2082 37 19
20827 22 40
20833 9 33
20840 35 33
20846 14 26
20858 8 28
20872 9 17
20874 44 0
20875 42 4
20883 20 15
20895 41 33
20898 32 29
20912 39 22
2092 21 13
20920 6 16
20931 0 13
20938 5 20
20942 20 6
20947 35 0
20950 38 0
20962 1 22
20971 2 20
20973 26 29
20981 25 21
20989 40 24
20996 40 16
21003 35 39
21013 36 23
21017 20 12
21022 15 26
21035 20 11
2104 11 12
21042 47 33
21054 13 37
21061 8 16
21076 31 16
21077 22 9
21089 22 46
21098 26 17
21110 16 21
21120 31 19
21134 15 15
21136 23 20
21148 4 24
21180 22 39
21191 25 34
21196 46 38
212 13 29
21204 26 27
21233 43 42
21243 46 23
21248 0 3
21253 26 30
21257 39 13
21266 38 26
2127 8 9
21271 8 30
21279 17 13
21288 30 20
21298 19 22
21303 21 19
21313 37 13
21332 15 21
21348 18 11
21350 7 3
21362 1 9
21379 3 42
2138 23 12
21390 33 20
214 24 2
21404 8 10
21427 18 47
21435 8 17
21445 0 4
21459 38 41
21466 1 47
21474 4 11
21478 19 21
21482 47 24
21491 10 32
21497 15 34
215 15 0
21500 18 12
21517 19 38
21521 6 47
21530 30 44
21537 14 15
21541 20 27
21561 13 43
21579 27 21
21586 16 14
21608 11 17
2162 32 24
21624 34 41
21627 17 3
21636 19 9
21639 17 8
21642 18 10
21643 19 15
21651 36 14
21655 34 34
21660 17 14
21663 32 17
21676 25 27
21681 43 31
21686 25 32
21687 34 18
2169 19 10
21690 34 24
21691 24 24
2170 21 18
21713 14 31
21723 5 2
21724 18 38
21726 9 47
21732 39 1
21741 35 7
21743 43 19
21744 20 22
21753 40 37
21756 0 44
21762 36 6
21766 40 18
21772 17 2
21781 32 15
21790 33 18
21805 23 17
21815 22 19
21823 19 13
21827 14 0
2183 18 35
21857 21 15
21884 23 44
21910 31 20
21918 37 27
21929 8 25
21938 40 23
21954 6 21
21959 28 20
21975 36 10
21984 25 25
21998 24 39
220 32 30
2200 21 11
22005 20 26
22017 16 29
22029 13 26
22048 47 45
2205 15 27
22050 21 23
22059 34 7
22066 17 24
22067 26 2
22090 34 12
22106 14 11
22115 22 10
22134 39 26
22140 30 25
22185 34 19
22211 20 38
22227 37 15
22231 46 2
22236 36 31
22249 27 8
2225 10 36
22282 14 47
223 12 3
22300 24 13
22309 23 16
22310 11 11
22315 21 12
22334 1 32
22335 21 26
2235 20 24
22363 46 24
2237 13 19
22380 12 28
22384 21 27
2239 10 37
224 47 14
2240 14 27
22404 14 7
22416 38 30
22426 28 39
2243 22 33
22438 26 21
22446 19 27
22456 42 5
22459 28 47
2246 33 23
22461 36 22
22471 20 13
22495 33 24
225 2 47
22518 28 8
22523 21 2
22538 0 32
22544 23 25
22552 24 17
22566 18 28
2258 22 24
22596 21 28
2260 9 28
22620 17 12
22631 42 13
2264 31 22
22648 31 24
2265 47 3
22670 16 19
2268 47 11
22680 45 27
22683 11 22
22698 14 39
227 34 27
22712 39 36
22722 37 25
22725 5 7
22742 34 17
22758 18 15
22766 1 16
22769 40 10
22778 35 34
22793 28 30
228 23 8
22812 9 11
22830 33 45
2291 33 16
230 25 31
2306 17 26
2308 12 25
2309 12 27
233 5 18
2345 14 24
235 1 26
2350 38 15
2354 41 22
236 31 29
2361 32 21
2364 33 9
2374 3 47
238 28 17
2398 16 32
2403 10 26
241 47 38
2425 21 21
2426 22 2
2428 22 3
243 29 13
2430 12 30
2436 18 32
2447 41 14
245 11 18
2457 40 19
2458 6 19
246 35 23
2465 23 26
2474 8 45
2478 26 10
2486 1 25
2496 36 30
250 25 37
2503 12 13
2508 11 24
2516 41 25
2526 15 28
2533 26 37
2534 30 29
254 43 28
2542 13 28
2550 31 9
2551 37 9
256 42 25
2572 31 12
2581 2 32
2593 14 38
2602 12 34
262 10 11
263 25 17
2631 25 10
2637 19 39
2640 28 36
2652 32 9
2659 13 34
2673 21 0
268 12 9
270 28 19
2704 12 12
2725 16 30
2726 6 22
274 17 36
2740 27 40
276 22 13
2776 10 38
278 35 4
2781 25 20
2798 35 36
281 4 23
2813 23 38
2822 19 5
2831 18 39
2839 31 5
2864 15 33
287 35 24
2889 24 43
291 32 26
2913 27 14
2917 16 16
292 5 26
2920 36 27
2928 35 13
2942 9 13
2943 11 7
2975 29 11
2981 15 5
2982 13 6
2999 27 29
300 46 45
3005 26 16
301 41 9
3012 31 7
3018 36 33
3032 27 25
304 11 13
305 9 9
306 19 46
311 36 9
317 18 16
3179 29 10
3186 30 8
3198 34 8
320 5 13
3211 31 39
3215 18 7
3219 31 40
3241 26 38
325 25 38
326 0 6
3262 47 27
3272 20 0
3277 43 46
3282 24 20
3283 19 19
3287 27 16
3288 9 15
3292 23 15
330 14 32
331 17 35
3316 15 14
3317 24 4
333 13 44
3340 0 10
3344 16 36
335 30 12
3370 24 47
3398 20 18
3416 8 13
342 47 7
3428 8 24
3432 33 32
3441 36 35
345 0 19
3452 0 33
347 45 12
3480 23 0
3496 26 24
3500 18 34
3510 24 10
3518 16 17
352 0 40
3520 24 34
3533 34 14
3551 24 23
3558 21 7
3563 18 31
3565 23 22
357 35 10
3572 21 32
3576 32 39
3577 33 34
3578 28 22
3588 43 15
3600 37 16
361 30 16
3612 42 15
362 30 11
3626 47 25
3627 13 20
3636 28 12
364 0 35
3642 24 26
3660 20 8
3661 21 8
3673 22 5
3674 21 5
368 5 21
3681 31 41
3682 17 27
3708 45 25
3733 18 40
3736 40 27
375 39 31
3754 9 25
3755 9 24
3771 26 20
378 17 20
3790 30 35
380 5 14
3800 39 35
381 28 25
383 25 29
3830 32 10
3831 34 0
384 15 45
3843 26 19
385 21 14
3852 41 21
3870 22 26
3884 13 31
389 7 31
3896 31 34
392 17 21
396 15 16
3975 32 20
3976 31 35
399 39 11
40 3 8
4016 26 47
4036 25 24
4044 11 26
405 26 14
407 39 23
4072 47 40
408 20 28
4080 34 21
4081 1 10
409 30 24
4100 30 47
411 32 5
4120 27 41
414 0 0
4166 34 33
4183 5 24
4196 47 36
4202 35 6
4234 16 40
4235 17 40
4248 14 2
4259 31 42
4264 24 35
4276 0 2
4285 23 19
4319 18 13
4322 42 39
433 41 30
4330 36 19
434 42 23
4344 36 13
436 18 18
4360 32 34
4391 24 6
44 0 41
4409 29 9
4414 18 4
4417 38 36
4423 37 23
444 42 19
4453 36 24
4463 41 20
4470 33 17
4472 14 22
4492 19 30
452 7 38
453 35 16
455 22 15
4557 28 44
4558 27 43
456 45 29
457 32 36
4573 18 25
4574 29 22
4587 21 17
4593 14 36
460 22 30
461 12 0
462 33 5
464 25 13
4655 31 25
4656 20 10
4679 35 25
4680 17 6
4684 23 32
469 34 31
4691 33 36
471 26 3
4720 33 13
4726 36 16
476 9 20
4766 47 26
478 27 26
479 16 44
4790 8 33
48 6 35
4807 17 10
481 35 22
4839 40 25
484 2 39
4845 32 27
486 31 28
4869 15 35
4870 27 39
4871 10 7
4882 34 4
4889 17 41
4890 0 34
4892 10 43
4899 26 41
497 39 42
4974 12 22
50 20 19
5013 9 35
503 33 42
5036 22 36
5047 34 13
5048 23 39
5054 6 27
5059 29 44
507 26 4
5076 29 36
5099 34 26
51 37 11
5115 24 30
5138 20 37
514 10 47
5140 20 47
5144 25 47
516 40 42
5161 16 39
5185 11 37
519 22 16
52 17 34
5215 1 21
5248 15 11
5262 10 18
529 40 15
5327 29 38
533 39 16
5336 4 31
5340 29 32
5341 38 25
5344 7 18
5347 29 43
5348 34 47
535 7 44
5356 14 17
5369 31 14
5371 19 12
5372 12 17
54 46 26
5413 17 46
5445 29 33
545 10 17
5457 17 38
546 13 1
5472 40 9
5478 35 14
548 38 22
55 25 6
550 14 6
5510 21 36
5515 33 33
5517 41 11
5565 16 11
5569 19 3
557 39 25
5588 27 32
559 18 21
5592 21 40
5596 22 17
56 22 14
5607 47 6
5613 45 37
5617 11 35
5637 12 19
5642 0 25
5657 0 24
5661 30 22
5699 3 31
57 41 15
571 27 33
5726 12 20
573 26 26
5750 22 47
5754 15 7
5778 13 33
579 34 30
5813 33 44
582 24 46
584 37 31
5844 8 44
5849 4 37
586 15 9
5875 36 39
5879 31 30
5885 25 16
589 26 42
5893 45 45
5900 47 19
591 20 32
5923 44 47
5936 45 26
5953 26 34
5973 6 38
5985 10 6
5988 36 5
5990 15 20
5999 38 11
60 0 30
6020 20 9
609 7 39
61 13 22
62 18 27
622 17 31
624 22 29
629 30 6
632 47 37
635 38 24
636 6 25
639 2 25
64 22 7
645 38 29
653 9 21
654 41 31
657 25 8
658 4 18
66 43 45
662 26 6
667 19 4
67 17 7
68 20 30
686 40 30
688 6 43
693 8 20
694 23 27
696 6 0
697 22 34
699 23 30
70 30 34
706 14 29
708 42 8
71 30 28
712 30 19
716 23 41
72 5 47
723 33 39
736 24 25
737 30 39
74 21 9
740 33 22
742 28 0
747 20 16
75 41 3
760 10 24
761 12 26
763 11 31
767 33 11
77 0 5
79 2 5
792 21 20
793 43 0
794 15 4
806 24 16
807 29 12
814 23 14
82 3 30
825 29 28
826 22 37
83 31 45
833 19 35
84 28 31
850 22 12
855 32 22
858 13 23
862 39 17
863 30 14
867 19 16
869 14 13
87 40 32
878 29 37
88 12 10
880 7 35
887 10 14
89 1 27
893 28 37
896 5 42
897 35 38
898 1 30
899 45 10
900 21 3
901 31 4
904 7 29
905 47 16
906 4 6
907 15 44
908 9 29
911 6 8
912 11 16
913 29 0
914 31 26
916 2 8
930 16 12
931 15 30
936 47 10
938 17 42
939 24 0
943 25 0
955 40 35
957 28 6
96 38 17
976 23 28
983 25 45
988 27 12
99 46 34
990 13 25
992 16 28
998 27 9
n_n10 39 43
n_n102 18 20
n_n105 39 15
n_n106 31 33
n_n107 26 31
n_n108 7 30
n_n1089 28 40
n_n109 18 23
n_n1092 42 28
n_n1097 2 38
n_n11 34 28
n_n110 13 15
n_n1101 8 3
n_n1108 10 25
n_n1109 37 14
n_n111 30 1
n_n1111 34 29
n_n112 8 23
n_n1120 8 0
n_n113 31 1
n_n1142 35 19
n_n1151 24 29
n_n1152 6 42
n_n12 8 32
n_n1212 38 32
n_n1215 12 16
n_n1240 25 14
n_n1242 37 46
n_n1243 6 34
n_n1262 29 26
n_n13 16 35
n_n1320 22 41
n_n133 8 34
n_n1339 0 12
n_n1341 16 9
n_n135 17 37
n_n1356 43 41
n_n1359 38 19
n_n1370 9 16
n_n14 31 32
n_n143 27 34
n_n1433 21 31
n_n144 0 47
n_n145 35 32
n_n147 36 28
n_n1476 27 44
n_n148 4 25
n_n149 41 44
n_n1490 22 25
n_n15 40 13
n_n150 4 42
n_n151 33 27
n_n1536 21 34
n_n1542 12 18
n_n1584 14 33
n_n1591 22 32
n_n1597 29 16
n_n1598 16 0
n_n16 42 44
n_n1604 29 19
n_n1624 31 23
n_n1628 18 30
n_n1633 15 32
n_n1645 6 17
n_n1670 8 36
n_n1679 11 8
n_n1688 45 46
n_n1693 29 29
n_n1697 34 22
n_n17 15 31
n_n1703 31 15
n_n1705 26 39
n_n1709 11 40
n_n171 5 43
n_n1711 1 8
n_n1715 10 22
n_n1724 39 44
n_n1752 20 34
n_n1753 18 14
n_n1773 37 47
n_n1785 29 4
n_n179 2 7
n_n1792 16 20
n_n186 15 47
n_n197 34 44
n_n20 19 24
n_n200 16 22
n_n204 27 28
n_n206 34 35
n_n2060 40 0
n_n2062 43 23
n_n2086 22 6
n_n21 2 11
n_n2110 23 29
n_n212 23 10
n_n2140 26 18
n_n2155 14 43
n_n216 28 28
n_n22 22 20
n_n220 1 20
n_n222 37 28
n_n223 30 30
n_n226 2 42
n_n2272 21 39
n_n228 10 5
n_n236 0 43
n_n24 24 8
n_n240 24 27
n_n2440 30 36
n_n246 47 9
n_n2467 41 17
n_n25 24 9
n_n252 28 35
n_n256 14 4
n_n257 29 8
n_n2578 25 33
n_n2579 3 27
n_n258 4 3
n_n2599 23 18
n_n26 3 28
n_n2603 32 6
n_n2618 33 47
n_n263 41 26
n_n27 2 43
n_n2713 28 34
n_n2732 10 15
n_n2738 30 26
n_n2772 47 0
n_n2795 13 7
n_n2796 1 23
n_n28 36 29
n_n280 25 23
n_n2801 13 36
n_n2803 7 34
n_n2806 4 22
n_n281 5 19
n_n2817 39 12
n_n2820 28 21
n_n2821 15 29
n_n2830 10 20
n_n2832 32 18
n_n2840 41 27
n_n2852 28 9
n_n2860 26 46
n_n29 13 27
n_n2926 32 23
n_n2986 33 21
n_n30 13 14
n_n3099 37 22
n_n31 37 18
n_n3109 13 8
n_n3116 41 12
n_n3121 31 13
n_n3127 33 2
n_n3132 7 32
n_n3138 44 22
n_n3162 32 8
n_n3184 19 33
n_n32 8 8
n_n3221 17 28
n_n3229 31 36
n_n3242 3 19
n_n3257 3 18
n_n3259 0 21
n_n3260 9 19
n_n33 6 28
n_n3309 21 33
n_n333 29 42
n_n3367 24 19
n_n3369 44 33
n_n3371 16 7
n_n3372 14 18
n_n3378 29 35
n_n3380 21 35
n_n3385 6 23
n_n3390 31 37
n_n34 17 9
n_n3406 27 35
n_n3417 17 16
n_n3424 19 31
n_n343 43 21
n_n345 15 10
n_n349 16 25
n_n35 26 28
n_n3506 3 22
n_n3519 4 17
n_n3520 4 21
n_n3523 5 22
n_n3525 6 20
n_n3550 12 29
n_n3581 21 38
n_n3587 11 28
n_n3598 33 35
n_n36 17 15
n_n3610 30 41
n_n3615 18 24
n_n3625 3 16
n_n3626 39 21
n_n3629 7 16
n_n3630 45 33
n_n3631 25 19
n_n3634 40 21
n_n3637 46 46
n_n365 10 34
n_n3659 31 47
n_n3686 36 36
n_n369 31 0
n_n37 30 17
n_n3709 28 15
n_n3710 28 14
n_n3711 19 14
n_n3722 42 10
n_n3727 36 34
n_n3731 27 15
n_n3751 14 30
n_n3757 47 20
n_n3768 24 14
n_n377 31 2
n_n3770 26 7
n_n3772 8 15
n_n3778 3 20
n_n3781 16 5
n_n3782 16 3
n_n380 35 26
n_n381 11 46
n_n3827 8 18
n_n3843 34 3
n_n3864 1 37
n_n3870 22 22
n_n3884 37 12
n_n3896 9 6
n_n3899 24 22
n_n39 2 18
n_n3919 20 35
n_n3923 21 16
n_n3925 11 43
n_n3926 4 46
n_n3974 12 43
n_n3991 21 10
n_n4003 41 7
n_n4015 33 29
n_n407 33 28
n_n4076 26 8
n_n408 42 21
n_n4094 27 10
n_n41 7 2
n_n4124 11 15
n_n4154 19 32
n_n4160 12 37
n_n4165 25 40
n_n4168 22 27
n_n4174 36 26
n_n4179 27 18
n_n4186 20 20
n_n4197 43 25
n_n4199 8 31
n_n42 39 47
n_n4203 1 0
n_n4204 3 15
n_n4206 21 41
n_n4210 32 37
n_n4218 18 22
n_n4251 27 37
n_n4255 21 29
n_n429 40 29
n_n4303 43 12
n_n4306 37 33
n_n431 37 30
n_n4313 46 36
n_n4381 27 31
n_n4394 13 30
n_n44 18 6
n_n443 39 29
n_n4439 7 33
n_n4477 32 32
n_n4489 27 42
n_n45 15 19
n_n4530 2 13
n_n4531 29 23
n_n4532 18 26
n_n4535 7 23
n_n4536 25 18
n_n458 11 27
n_n46 38 12
n_n4605 9 0
n_n4628 21 22
n_n4632 23 11
n_n4633 19 11
n_n4635 17 17
n_n464 30 23
n_n4666 31 18
n_n4671 9 18
n_n4674 31 17
n_n4675 27 2
n_n4677 7 20
n_n4680 15 3
n_n4681 30 13
n_n4682 18 17
n_n4685 37 3
n_n4686 20 23
n_n4687 29 3
n_n47 33 15
n_n4704 30 43
n_n4725 12 38
n_n4729 4 15
n_n4730 13 12
n_n4732 23 35
n_n4733 36 18
n_n4736 24 36
n_n4744 13 42
n_n4770 30 37
n_n4781 33 19
n_n4807 28 42
n_n4808 41 32
n_n4809 28 43
n_n4814 12 36
n_n4815 7 36
n_n4816 41 0
n_n4823 33 38
n_n4826 11 36
n_n4828 18 36
n_n4846 23 33
n_n4852 30 18
n_n4864 34 15
n_n4870 38 20
n_n4871 33 26
n_n4892 45 36
n_n4895 12 35
n_n4898 9 31
n_n49 25 5
n_n4911 10 19
n_n4912 9 22
n_n4913 11 30
n_n4914 11 29
n_n4916 10 23
n_n4920 9 30
n_n4921 12 31
n_n4922 7 22
n_n4923 7 26
n_n4924 7 24
n_n4926 16 31
n_n4929 7 27
n_n4936 13 13
n_n4941 14 9
n_n4950 35 18
n_n4954 20 17
n_n4955 41 8
n_n4961 32 14
n_n4966 43 14
n_n4967 39 8
n_n50 32 0
n_n5009 26 35
n_n5020 15 23
n_n5048 34 42
n_n5053 17 22
n_n5061 19 25
n_n5062 7 41
n_n5063 10 31
n_n52 30 9
n_n5231 0 45
n_n54 35 20
n_n560 3 6
n_n5659 16 46
n_n5660 19 41
n_n5664 36 7
n_n5673 36 11
n_n5676 15 40
n_n5677 22 43
n_n5678 41 13
n_n5682 25 42
n_n5686 18 37
n_n5693 11 44
n_n5769 16 37
n_n5792 47 2
n_n5794 5 11
n_n5796 6 11
n_n5797 7 13
n_n58 31 27
n_n59 27 36
n_n60 40 33
n_n61 6 7
n_n618 40 28
n_n62 0 27
n_n63 2 28
n_n639 11 21
n_n64 21 1
n_n66 24 37
n_n67 6 26
n_n7 2 29
n_n71 30 31
n_n72 24 45
n_n73 31 21
n_n731 47 31
n_n74 27 5
n_n741 40 26
n_n745 18 2
n_n746 26 32
n_n75 2 14
n_n750 8 11
n_n756 39 30
n_n76 14 14
n_n762 29 20
n_n775 40 43
n_n78 16 27
n_n785 37 20
n_n79 39 34
n_n8 32 31
n_n80 16 15
n_n81 24 11
n_n819 29 17
n_n82 37 21
n_n824 25 12
n_n84 26 15
n_n850 41 29
n_n855 20 31
n_n86 17 4
n_n87 11 10
n_n876 27 30
n_n884 14 19
n_n89 7 10
n_n9 29 34
n_n90 16 18
n_n92 36 15
n_n93 17 11
n_n95 29 24
n_n952 23 43
n_n96 40 36
n_n97 40 20
n_n98 44 15
n_n99 16 23
